step,f1,logp,acc
2000,0.7393928310168252,-143.93623278398616,0.3444793600847815
2100,0.7603656847354326,-119.112147008317,0.33909185841679573
2200,0.7731494252873563,-107.16665984454352,0.34365027248859403
2300,0.7782596659592138,-100.42295605005852,0.34502567842602727
2400,0.7823192158313298,-94.14730398677855,0.3373649124801159
2500,0.7874757550568025,-90.9770844920777,0.33673064798116686
2600,0.7913589364844904,-90.27869855400016,0.34419482946395874
2700,0.7955424571744336,-88.96573527261734,0.3441364160180092
2800,0.7980521866960676,-86.26124449566339,0.3488358373939991
2900,0.8021351003129026,-84.38689722209804,0.34168573930859564
3000,0.8006262086748319,-83.16477764624531,0.342505453824997
3100,0.8019154618288977,-82.57561509476828,0.34724528282880784
3200,0.8018807043422145,-81.20463001465639,0.35079778149724006
3300,0.8025794564716721,-79.76877914025059,0.3291890363395214
3400,0.8021400239830274,-78.98899405639355,0.3378336670994759
3500,0.8038383465584056,-78.63572815008885,0.33471087530255317
3600,0.8027349163817795,-78.69537377439656,0.34326842322945594
3700,0.8025124699796785,-78.45461905352992,0.3397427698969841
3800,0.8040703052728955,-78.063789623133,0.34158250123262407
3900,0.8061082832022212,-77.21621214942589,0.3362899596989155
4000,0.8065591995553085,-76.6358817255851,0.3413616198301315
4100,0.8078598572620261,-76.25678374726765,0.3175935623049736
4200,0.8079347423062663,-75.54130359665828,0.335932611823082
4300,0.808041504539559,-75.4776086535773,0.3366486445069313
4400,0.8063709602740995,-75.51976513488597,0.3441998526453972
4500,0.8054499953656502,-75.5119207773771,0.3440652200579643
4600,0.8062274117319989,-75.11416815351785,0.3473905389010906
4700,0.8058594474318561,-75.05534698401124,0.33726903155446053
4800,0.8070110358898266,-74.61227659045123,0.34520254999399186
4900,0.8076780415430267,-74.3614870530628,0.3473455491662025
5000,0.8080808080808081,-74.0692418474177,0.3293045884370804
5100,0.807378568780126,-73.8468417047198,0.33922539472579955
5200,0.8086288306638274,-73.63173805220401,0.34146630570292474
5300,0.8098148148148148,-73.45478582110516,0.33546158879995347
5400,0.8103352472680126,-72.94733992516191,0.3357995092868805
5500,0.8116612679315132,-72.0410548868891,0.33856029897928236
5600,0.8122626655552468,-72.0679435589589,0.33616900324821475
5700,0.8115727002967359,-72.0686566120508,0.3384053972363472
5800,0.8123436196830692,-71.67966064585244,0.3343995024263859
5900,0.8122860579147008,-71.6891675975574,0.3393340204656124
6000,0.8127313101406366,-71.70807655948869,0.34432218343019483
6100,0.8124363838252984,-71.73170573280291,0.34153332576155665
6200,0.8130892956184138,-71.181011509853,0.3367074920237064
6300,0.8131117266851339,-71.20107819493441,0.3349474011361599
6400,0.8137816368002956,-71.0756563815606,0.3331048178672791
6500,0.8150267675835333,-71.02333052916292,0.3367913539707661
6600,0.8142817603099917,-70.93898247071002,0.3435935153067112
6700,0.8144729555104301,-70.82638042722954,0.33705146044492723
6800,0.8135843484680694,-70.80047468619964,0.34097435876727106
6900,0.8133308714918759,-70.05814954507713,0.34662856549024584
7000,0.8137472283813747,-70.04923282982769,0.3375090067088604
7100,0.8129103856469065,-69.9963390749338,0.3442918986082077
7200,0.8141233015990387,-69.79689392245263,0.3450766411423683
7300,0.8137408809677718,-69.60313113391706,0.3383408676087856
7400,0.8136783733826247,-69.36105300943807,0.3475630792975426
7500,0.8144177449168207,-69.31408579189261,0.34501735389232635
7600,0.8140201609174142,-69.22295504716215,0.35217989325523374
7700,0.8136973623322535,-69.08377618311145,0.35055083587765695
7800,0.8138135357837237,-69.04958333342128,0.33941868782043455
7900,0.8140461410173261,-68.83588860948602,0.33457416445016863
8000,0.814142910033321,-68.57788412972627,0.3366219052672386
8100,0.8142526608051828,-68.59431437325341,0.33658265084028244
8200,0.8148148148148148,-68.54482885173371,0.3388168500363827
8300,0.8152606722844707,-68.10710013234268,0.342577123939991
8400,0.8141560125995924,-67.87230024604293,0.34226499184966086
8500,0.8145952954250787,-67.88773996120985,0.33611575633287427
8600,0.8143690399037126,-67.8467875505325,0.333417663872242
8700,0.814142910033321,-67.86177944349117,0.3310763344168663
8800,0.8143623912641126,-67.63983094798883,0.3381815809011459
8900,0.8139577934098482,-67.65433269671084,0.3358988004922867
9000,0.8138544174847194,-67.3461552027523,0.32941306218504907
9100,0.8139577934098482,-66.88052295051062,0.3473611411452293
9200,0.8140675613142064,-66.88166493410347,0.3405577263236046
9300,0.8144034064611682,-66.89230188165604,0.3383572855591774
9400,0.8131074701471813,-66.59098446310104,0.3423547673225403
9500,0.8135530457322718,-66.5777419796305,0.33870726078748703
9600,0.8134369794558579,-66.59076444444108,0.34271068513393405
9700,0.8131014063656551,-66.6011364490034,0.3352824474871159
9800,0.8144721014157491,-66.60934741927154,0.34027710676193235
9900,0.8145683120724718,-66.62143950989446,0.3404446396231651
10000,0.8145273080121985,-66.59651291455305,0.339751967638731
10100,0.8139792899408284,-66.60669154676299,0.344335113465786
10200,0.8136565507031829,-66.61775658424474,0.34113805621862414
10300,0.8130261818854658,-66.62502795733758,0.3421626600623131
10400,0.8135060129509714,-66.35575135871136,0.33163489371538163
10500,0.813731840473767,-66.32882569149731,0.34185516834259033
10600,0.8138760407030527,-66.34015333145234,0.34472415804862977
10700,0.8144654088050315,-65.86307069313669,0.3471210618317127
10800,0.8142051234624988,-65.76572571743426,0.3443863707780838
10900,0.8141298316996486,-65.71771058107336,0.34720573633909224
11000,0.8142526608051828,-65.68339816761677,0.34551924988627436
11100,0.8142116950407106,-65.69429935988954,0.3521288339793682
11200,0.814142910033321,-65.59911492394195,0.3433733594417572
11300,0.8138071441791598,-65.60983431361474,0.3415450219810009
11400,0.8138415988156921,-65.59023933868421,0.33586594566702843
11500,0.8142394822006472,-65.59215603922254,0.33803808003664015
11600,0.8139448862585538,-65.60205739542316,0.33862199902534484
11700,0.8143491124260355,-65.6106171606466,0.3510874013602734
11800,0.8140954495005549,-65.62023224043375,0.3337569276988506
11900,0.8144997225818383,-65.6033232842172,0.3519471210241318
12000,0.8143213988343048,-65.42282864519622,0.33870462790131567
12100,0.814142910033321,-65.43275182144524,0.3331975680589676
12200,0.8135875601629027,-65.44257334635228,0.34482720926404
12300,0.8132112128781571,-65.4519837584017,0.35233191937208175
12400,0.8135185185185185,-65.44937726943074,0.3441480366885662
12500,0.8128936643201186,-65.458928402953,0.348653035312891
12600,0.8125984251968504,-65.46835291107132,0.3431666265428066
12700,0.8132580316637349,-65.47156746492357,0.33831207662820817
12800,0.8129283200592702,-65.47639722190428,0.34611748784780505
12900,0.8124826372812297,-65.48076799585199,0.3380847625434399
13000,0.8128530419483285,-65.48987208516962,0.34520224794745447
13100,0.8126331388348615,-65.47631610398793,0.3414327226579189
13200,0.8128589957383732,-65.48517755240606,0.3471059721708298
13300,0.8127490039840638,-65.49404521425916,0.3373154880106449
13400,0.8124942070627491,-65.4326267874722,0.3406831733882427
13500,0.8131949592290586,-65.43241032465801,0.33822415605187417
13600,0.8131196145649958,-65.4410175403736,0.3380355252325535
13700,0.8131827439363081,-65.40344533960729,0.3358917340636253
13800,0.8133271633503008,-65.40867711606708,0.33251707270741465
13900,0.813251897094207,-65.41710170550077,0.3435964706540108
14000,0.8133209990749306,-65.42542302261222,0.3400503079593182
14100,0.8133962438708484,-65.3934340588312,0.34637032106518745
14200,0.8135060129509714,-65.0965834917045,0.338926435559988
14300,0.813217326915957,-64.86755291853657,0.3376502832770348
14400,0.8136220618175088,-64.82415838883308,0.3363324011862278
14500,0.8134369794558579,-64.83201214726242,0.3350165003538132
14600,0.8134086489489768,-64.83990656571325,0.3338112597167492
14700,0.8140396369698092,-64.84779426100442,0.3340306809544563
14800,0.8143002685931278,-64.85562351703634,0.3446759679913521
14900,0.8141150319533204,-64.86336496490716,0.3415638953447342
15000,0.8142182727020272,-64.8710262585196,0.341210181415081
15100,0.8141494582831744,-64.66997240087827,0.3462928067147732
15200,0.8140740740740741,-64.64580742212182,0.34269782304763796
15300,0.8137100509495137,-64.62929364449906,0.3450714018940926
15400,0.813970724476561,-64.58421431127974,0.33161147087812426
15500,0.8138263367621166,-64.59162895009543,0.3348954266309738
15600,0.8136473206007788,-64.49709222742078,0.3445581455528736
15700,0.8138263367621166,-64.50440738825964,0.33838946104049683
15800,0.8143135255400018,-64.51166076814145,0.33397825330495834
15900,0.8140936485859991,-64.51887059342415,0.34104627728462217
