step,f1,logp,acc
2000,0.8404120730164468,-33.465248806669095,0.16722107696151925
2100,0.8655354862251414,-29.16455809854849,0.156875
2200,0.8659981768459435,-28.18865218869949,0.1634375
2300,0.8666301769750046,-27.59794560344242,0.1671875
2400,0.8675665815395841,-27.211534617849967,0.1521875
2500,0.8671889233011477,-26.999225794998203,0.1490625
2600,0.8675050118461819,-26.60095211763827,0.15671875
2700,0.8708500547245531,-26.397044748786385,0.1571875
2800,0.8699616997993799,-25.968336211895537,0.17046875
2900,0.8705667276051189,-25.610632084556876,0.1515625
3000,0.871203805342115,-25.350721762002177,0.160625
3100,0.870950027457441,-25.288052466350294,0.1625
3200,0.8697086311159978,-25.227153960223024,0.1540625
3300,0.8713161266703277,-25.162781092517797,0.1709375
3400,0.8705839282445543,-25.124592189408705,0.16421875
3500,0.8719166818929289,-25.17143738688621,0.15953125
3600,0.8720292504570384,-25.114148235799064,0.17328125
3700,0.8719166818929289,-25.12508683960253,0.1559375
3800,0.8721227621483376,-25.104879806869675,0.14765625
3900,0.8714102798609841,-25.022297365024517,0.16359375
4000,0.8726207906295754,-25.039151498272986,0.16359375
4100,0.8724611161939616,-24.88580639232279,0.17203125
4200,0.8715226939970717,-24.810615724093573,0.1590625
4300,0.8717761112127309,-24.426584377781644,0.15828125
4400,0.8707906295754027,-24.425407530736823,0.15359375
4500,0.870536531770738,-24.4185094986762,0.16078125
4600,0.8714285714285714,-24.371769617250088,0.1665625
4700,0.8723209379007144,-24.352184914746687,0.17671875
4800,0.8718606782768102,-24.328666618035093,0.1690625
4900,0.8722273143904674,-24.255447949657274,0.1571875
5000,0.8717948717948718,-24.26077446579536,0.17421875
5100,0.8722741433021807,-24.24949348716669,0.1653125
5200,0.8721143275925247,-24.2313926224297,0.15828125
5300,0.8725939505041247,-24.22348545597437,0.16953125
5400,0.8725939505041247,-24.1845534195785,0.15484375
5500,0.8732807628828168,-24.172567150710336,0.1453125
5600,0.8736263736263736,-24.120928170217205,0.13328125
5700,0.8734663980955869,-24.122614560033817,0.1546875
5800,0.8736475334678159,-24.13214747813231,0.1428125
5900,0.8737401502657137,-24.13459916917784,0.14328125
6000,0.8741527752335593,-24.148180142203437,0.1428125
6100,0.873900293255132,-24.123516804610432,0.1578125
6200,0.8735800659582265,-24.097849182861278,0.1571875
6300,0.8743589743589744,-24.097120073596777,0.165
6400,0.8740388136213841,-24.106984147175893,0.1478125
6500,0.8742909423604758,-24.081628010137052,0.1459375
6600,0.8740388136213841,-24.072526206528238,0.1509375
6700,0.8744049798608569,-24.05239243055269,0.16765625
6800,0.873832631386193,-24.03444450545937,0.16359375
6900,0.8746110195863079,-24.025243595553995,0.17015625
7000,0.8748169838945827,-23.986799839174825,0.1615625
7100,0.8746110195863079,-23.991592410554134,0.1725
7200,0.8744509516837482,-23.96820807752298,0.15109375
7300,0.8740849194729137,-23.952551926359735,0.146875
7400,0.8740849194729137,-23.942901747266248,0.16671875
7500,0.8750228728270815,-23.9297957684041,0.13484375
7600,0.8750685933784526,-23.92442865197578,0.16546875
7700,0.8746569075937786,-23.928461049873427,0.17796875
7800,0.8746569075937786,-23.936462016853888,0.17234375
7900,0.8744968898646176,-23.891358693007952,0.15875
8000,0.8751142804900347,-23.894242699893404,0.1465625
8100,0.8749771187991946,-23.896351754217385,0.1565625
8200,0.875503478579275,-23.89574553763149,0.16125
8300,0.8751373123398023,-23.894404930899434,0.1534375
8400,0.874633431085044,-23.90267439632269,0.16546875
8500,0.8748855101666972,-23.894837517537653,0.1709375
8600,0.8752061572292469,-23.902670213464567,0.16328125
8700,0.8745650979674052,-23.89469112277366,0.1678125
8800,0.8739465005496518,-23.87191521340193,0.16140625
8900,0.8745191427001282,-23.87858968623251,0.1590625
9000,0.8744731537474802,-23.867454058444828,0.15296875
9100,0.8737401502657137,-23.874622046563527,0.1478125
9200,0.8737864077669902,-23.88345451747032,0.1575
9300,0.8743129351410773,-23.892427790837246,0.15015625
9400,0.8745191427001282,-23.865413051610087,0.1528125
9500,0.8743129351410773,-23.853172464079826,0.12953125
9600,0.874106652006597,-23.823022308752293,0.16296875
9700,0.8743129351410773,-23.822528857021926,0.150625
9800,0.8745650979674052,-23.820993311339922,0.171875
9900,0.8747252747252747,-23.79942552497063,0.15828125
10000,0.8754122389153536,-23.79113979916659,0.1578125
10100,0.8748855101666972,-23.797202670154473,0.1584375
10200,0.8750458043239282,-23.787860018741807,0.14015625
10300,0.8752518776332662,-23.795983404116384,0.16375
10400,0.8752518776332662,-23.799414091788435,0.1475
10500,0.8754122389153536,-23.77970312614768,0.16234375
10600,0.8750915750915751,-23.781111345636248,0.15546875
10700,0.8747252747252747,-23.782082798260724,0.1440625
10800,0.8749313312580114,-23.784332289701517,0.1753125
10900,0.8749771187991946,-23.79109030099145,0.1440625
11000,0.8758696448187477,-23.79037518874517,0.17296875
11100,0.8755490483162518,-23.772075976803123,0.175625
11200,0.8757093172249679,-23.77103375875045,0.15953125
11300,0.8751373123398023,-23.77765851521339,0.1590625
11400,0.8749771187991946,-23.784296580920632,0.15953125
11500,0.8753432180120813,-23.73369354820043,0.14875
11600,0.8751830161054173,-23.730118443015087,0.16171875
11700,0.8758696448187477,-23.731299830494,0.14078125
11800,0.875503478579275,-23.73930421368478,0.14125
11900,0.8751373123398023,-23.721689757367052,0.16578125
12000,0.8751373123398023,-23.722940977927323,0.15171875
12100,0.8747711461003296,-23.712097487735278,0.15953125
12200,0.8747711461003296,-23.71420506292938,0.15046875
12300,0.8756182450998351,-23.715168646901372,0.1565625
12400,0.8758241758241758,-23.720840878153687,0.14734375
12500,0.8754578754578755,-23.71398223128449,0.15640625
12600,0.8754578754578755,-23.71544403095963,0.1671875
12700,0.8751373123398023,-23.688955452539258,0.148125
12800,0.8745650979674052,-23.681068821429736,0.170625
12900,0.8743129351410773,-23.687513761601586,0.17765625
13000,0.8754122389153536,-23.691347408012145,0.16609375
13100,0.875366568914956,-23.691545154960423,0.15171875
13200,0.8752061572292469,-23.67518299848863,0.14171875
13300,0.8757786735067791,-23.66534948178647,0.14796875
13400,0.8754122389153536,-23.6648330745259,0.14859375
13500,0.8750915750915751,-23.66813145323629,0.17859375
13600,0.8749313312580114,-23.672883818314837,0.1578125
13700,0.8753432180120813,-23.67639483536743,0.16296875
13800,0.8749771187991946,-23.68190636800113,0.15078125
13900,0.8749771187991946,-23.686130875131667,0.14875
14000,0.8751373123398023,-23.68299291965001,0.1703125
14100,0.8749771187991946,-23.688601983687853,0.1625
14200,0.8748169838945827,-23.68926585207205,0.15484375
14300,0.875503478579275,-23.668212101997096,0.13765625
14400,0.8751830161054173,-23.671045695678803,0.12828125
14500,0.8751373123398023,-23.67700768982742,0.13453125
14600,0.8753432180120813,-23.674842788668332,0.14109375
14700,0.8747711461003296,-23.665779340921137,0.15578125
14800,0.8750228728270815,-23.66995446268404,0.154375
14900,0.8749771187991946,-23.67494229653416,0.150625
15000,0.8748627881448957,-23.67858018027686,0.13625
15100,0.8748169838945827,-23.583922501899075,0.14578125
15200,0.8747711461003296,-23.559748682521334,0.16703125
15300,0.8748169838945827,-23.556824487492122,0.15921875
15400,0.875503478579275,-23.555616888394173,0.1603125
15500,0.8759150805270863,-23.55883336077968,0.14234375
15600,0.875503478579275,-23.563529140271218,0.1428125
15700,0.8755490483162518,-23.563682604910067,0.16765625
15800,0.8753432180120813,-23.56824709266209,0.1459375
15900,0.8749771187991946,-23.570428706114374,0.1571875
