step,f1,logp
2000,0.8126731719069992,-73.94224049520058
2100,0.8303134182174339,-57.72033322390414
2200,0.835232145044714,-54.77261750658564
2300,0.8348039215686275,-53.115214098380584
2400,0.8349085552964282,-52.504132411132964
2500,0.8376424457787036,-51.0226860773261
2600,0.8379669320269443,-50.19305902570828
2700,0.8395879323031641,-49.66022316103976
2800,0.838749233599019,-49.15154948599483
2900,0.8403629230014713,-48.59014629608873
3000,0.8406613594611145,-48.002278926050096
3100,0.8407643312101911,-47.85535680221769
3200,0.841499265066144,-47.420624326393124
3300,0.8426594832863965,-47.20968482084574
3400,0.842620943049602,-47.222522340621296
3500,0.8417310285644232,-47.1715418003854
3600,0.842904371250153,-47.15332016612976
3700,0.8425177565515553,-46.96382262347321
3800,0.8419117647058824,-46.89744933329476
3900,0.8427626745040412,-46.56292739129476
4000,0.8432260433239506,-46.435531307710036
4100,0.8430844553243574,-46.413727388874875
4200,0.8428011753183153,-46.33418955768863
4300,0.8432908912830558,-46.310372473014844
4400,0.8425823839274776,-46.23368886491875
4500,0.8435091153799095,-45.94863775210641
4600,0.8423246689553703,-45.97192940484304
4700,0.8433823529411765,-45.9605054175388
4800,0.8436925340198602,-45.96581266595396
4900,0.8430218297767966,-45.99376937642498
5000,0.843175692232296,-45.74330101667297
5100,0.8427503370511092,-45.69438934278854
5200,0.8432405932099521,-45.49657300606483
5300,0.842543805906139,-45.413970662768115
5400,0.8427503370511092,-45.329643023909924
5500,0.8424279583077866,-45.10992661000081
5600,0.8426084824711939,-45.10766956268102
5700,0.8429954651305307,-44.99255695345963
5800,0.8422085889570552,-44.92775834394114
5900,0.8423893045504722,-44.9310200584632
6000,0.841717791411043,-44.8243693557493
6100,0.8409035109256077,-44.81911453762724
6200,0.8409815950920245,-44.81879011660249
6300,0.8412659470068695,-44.768900642732945
6400,0.8414858403824935,-44.720956001603895
6500,0.841937461679951,-44.73990187621534
6600,0.8417310285644232,-44.7184902041172
6700,0.8414858403824935,-44.66332509891382
6800,0.8421181662172101,-44.62321925893953
6900,0.8419117647058824,-44.4690735420198
7000,0.8424145953226398,-44.40199379288971
7100,0.8422987378997672,-44.4133587953164
7200,0.8420794507111329,-44.32687264032924
7300,0.8418342324668955,-44.34104128011128
7400,0.8423246689553703,-44.341787713696974
7500,0.8414469650521152,-44.34004374371584
7600,0.8412017167381974,-44.35577239590226
7700,0.8413048810399804,-44.30253311312195
7800,0.8415501594309541,-44.31774632107922
7900,0.8413048810399804,-44.32458571206725
8000,0.8415635338806519,-44.30808127887967
8100,0.8415635338806519,-44.30739416562779
8200,0.8415246966540018,-44.313838770327976
8300,0.8415890142226582,-44.238427586180684
8400,0.8421439960750644,-44.246538510183356
8500,0.8425312729948492,-44.15167165151415
8600,0.8424279583077866,-44.15343635584814
8700,0.8425698871996077,-44.16685161726147
8800,0.8424279583077866,-44.17613814647966
8900,0.8420407162129017,-44.184798123574936
9000,0.8421181662172101,-44.19017294593355
9100,0.8423246689553703,-44.173344150242755
9200,0.8421827099938688,-44.18320493420204
9300,0.8421827099938688,-44.186978942969475
9400,0.8418342324668955,-44.12205371555988
9500,0.8417954378219279,-44.09666819618201
9600,0.8412659470068695,-44.095558380702485
9700,0.8405548054498588,-44.102985446215925
9800,0.8414334806087383,-44.11475290637038
9900,0.8414978514426028,-44.081324193958885
10000,0.8413555992141454,-44.007570562936195
10100,0.8414978514426028,-44.01891485396222
10200,0.8409035109256077,-44.030434831181566
10300,0.8412912728611759,-43.93957059110715
10400,0.8409425625920471,-43.94865502069813
10500,0.8414723926380369,-43.874287203048084
10600,0.8410847956804516,-43.86997749080105
10700,0.8415112855740923,-43.87868368607414
10800,0.8413691571586308,-43.885816398369336
10900,0.8414080706488409,-43.845760968434234
11000,0.8415890142226582,-43.85623600731276
11100,0.841756624141315,-43.86658296490896
11200,0.8417954378219279,-43.84215887872235
11300,0.8419762167463528,-43.84849259359614
11400,0.8415890142226582,-43.855613567403296
11500,0.8412017167381974,-43.8562696182284
11600,0.8413048810399804,-43.82719673125471
11700,0.8409954640186343,-43.836388547419446
11800,0.8408143242580328,-43.793652415153424
11900,0.8415501594309541,-43.743391505799174
12000,0.8409174536980253,-43.74137166613089
12100,0.8413048810399804,-43.74689128073964
12200,0.8414858403824935,-43.755264905821846
12300,0.8413826918362344,-43.699783595432166
12400,0.8412795685745802,-43.53307394616258
12500,0.8413048810399804,-43.541957167401065
12600,0.841240652200564,-43.550273479933836
12700,0.8413437959784208,-43.55331345783527
12800,0.8417310285644232,-43.55999194084163
12900,0.8420536698933954,-43.56589017806133
13000,0.8414469650521152,-43.55861597477143
13100,0.8413437959784208,-43.55551806405175
13200,0.8413826918362344,-43.480698577859826
13300,0.841240652200564,-43.48768523864297
13400,0.8412017167381974,-43.46119235074805
13500,0.8414469650521152,-43.469116954561756
13600,0.8414858403824935,-43.47601904463814
13700,0.8418086018870237,-43.44130103423214
13800,0.8420923680019601,-43.39496410142667
13900,0.8420536698933954,-43.402838171651425
14000,0.8414469650521152,-43.28902903329015
14100,0.842156862745098,-43.293587007488036
14200,0.8413048810399804,-43.30132402543861
14300,0.841421568627451,-43.30903109560387
14400,0.8415246966540018,-43.3151373120793
14500,0.8415246966540018,-43.32249740060422
14600,0.8419505023278608,-43.32166928087382
14700,0.8417442430181283,-43.32144572560574
14800,0.8425563173359452,-43.32680252239526
14900,0.8424145953226398,-43.31065231289084
15000,0.8425177565515553,-43.30293253766405
15100,0.8422728385990693,-43.31015880440978
15200,0.8424791768740814,-43.31617395111416
15300,0.8425823839274776,-43.28949312379302
15400,0.8418730080902181,-43.296160056339644
15500,0.8420923680019601,-43.299599943425896
15600,0.8413826918362344,-43.301329251417016
15700,0.8413437959784208,-43.30834014426529
15800,0.8418086018870237,-43.314713269617194
15900,0.841421568627451,-43.27977149105029
