step,f1,logp,acc
2000,0.6498459488716796,-254.07340249699337,0.42959441032366774
2100,0.6609772423025435,-218.3586767737844,0.436821029484272
2200,0.6617050067658998,-195.47418250242544,0.4241169956326485
2300,0.6664405054702739,-182.99877592284463,0.43416406273841857
2400,0.6667808512460393,-175.48341759462573,0.4257625335454941
2500,0.6756018439474134,-170.71712630091412,0.4353251853585243
2600,0.679523442187366,-162.72732636981374,0.43538937598466876
2700,0.6863487691513169,-155.87964505454676,0.4201677748560905
2800,0.6879267133350618,-152.80689090167647,0.4302519097924232
2900,0.690651215082591,-147.5429388378024,0.43051310390233993
3000,0.6933034173282706,-145.41532862915489,0.4329813376069069
3100,0.6972603923602109,-143.5561941689843,0.4220797324180603
3200,0.69755759570414,-139.07544597012037,0.4368557304143906
3300,0.6995398906155048,-137.77796079903393,0.4287559109926224
3400,0.7015925506918458,-135.84598373765158,0.42472111791372297
3500,0.7013145294680944,-134.12747300544805,0.42972285151481626
3600,0.7042449547668754,-131.46009266556175,0.42844958901405333
3700,0.7062918806022104,-129.85410366709542,0.41940176248550415
3800,0.7093073781176675,-128.98587884242372,0.4235653731226921
3900,0.7112694413068034,-127.58862147024338,0.42212382942438126
4000,0.7129452649869679,-127.63937953788522,0.42696897357702257
4100,0.7121976683487037,-126.51844065873452,0.43890079140663146
4200,0.7140495867768595,-126.56422617031534,0.42459706366062167
4300,0.7145593869731801,-126.38019583618438,0.4153760054707527
4400,0.7152075340076736,-125.23069234696787,0.42986625552177427
4500,0.714335603282696,-124.86676510977918,0.4283886045217514
4600,0.7159933688159846,-124.60377836978806,0.4231380107998848
4700,0.7179799738789726,-122.25975007281718,0.4265949115157127
4800,0.7184128089105465,-121.75308282926446,0.42350546360015867
4900,0.7189508424526663,-120.78281072920274,0.42436646938323974
5000,0.718581609594994,-119.64170393264818,0.42386314034461975
5100,0.7197912135711179,-119.5125526200874,0.4272875788807869
5200,0.7189895470383275,-119.43845064122905,0.426387098133564
5300,0.7193717277486911,-118.9982011436712,0.42029401183128356
5400,0.7195324086190351,-118.93004714564461,0.42470581889152526
5500,0.7207112970711297,-118.85612571289249,0.4291109400987625
5600,0.7210801393728223,-118.88390823403918,0.4266758579015732
5700,0.7220285813872429,-118.91056793585285,0.4263055434823036
5800,0.7209484787725569,-117.50341614221568,0.4312152209877968
5900,0.7202303062025648,-117.25378050449484,0.4207636749744415
6000,0.7210742000174383,-116.75076590510862,0.4267607966065407
6100,0.7190169077915287,-116.7752615275397,0.4208628058433533
6200,0.7185785210347531,-116.75087618178131,0.42866811096668245
6300,0.7180915897614487,-116.77429513212897,0.4329232594370842
6400,0.7182349350309584,-116.78747878546247,0.4279912728071213
6500,0.7197418904778514,-116.80759254233632,0.4182258579134941
6600,0.7202583573361264,-116.82946634148851,0.4320778280496597
6700,0.719511130510694,-116.64362211101061,0.4299706691503525
6800,0.7196302433068806,-116.42568645801862,0.42356410533189776
6900,0.7190854350292346,-116.00792066460875,0.4213200455904007
7000,0.719322743934369,-115.35106565734395,0.42423378467559814
7100,0.7185973482205164,-115.36173075044759,0.4277539077401161
7200,0.7184771219001048,-114.27828548042388,0.42698558181524277
7300,0.7183787561146052,-113.56966574911941,0.4265863049030304
7400,0.7184635530336098,-112.88792719774324,0.4303665480017662
7500,0.7185262790291601,-112.42901842859935,0.43794753313064577
7600,0.7192539004619541,-111.6855731277895,0.43052186906337736
7700,0.7202095154954169,-111.48423575943987,0.4269980734586716
7800,0.7195324086190351,-111.32322182451611,0.4306366586685181
7900,0.719825327510917,-111.24842968181343,0.4295803716778755
8000,0.7199161059162807,-110.83658627751709,0.42127638310194016
8100,0.7219989515988118,-110.07702778368422,0.43141472816467286
8200,0.7229399441340782,-109.876142252286,0.4252902966737747
8300,0.7223578653644925,-109.04144149561483,0.42808261543512344
8400,0.7224354501046755,-108.02026978286756,0.42825852245092394
8500,0.7232781168265039,-108.034152162142,0.4337025648355484
8600,0.7227550130775937,-107.99707652624971,0.43478476464748383
8700,0.7216836957470963,-107.8219796251632,0.4218402111530304
8800,0.7230997469238153,-107.7519266520917,0.436435843706131
8900,0.7242913214129961,-107.57947231978561,0.42235333293676375
9000,0.7245921660996248,-106.9458335185448,0.42299764722585675
9100,0.7237795825692079,-106.9599780194361,0.4332283326983452
9200,0.7239842726081258,-106.78028097448042,0.4250558763742447
9300,0.7246047689754563,-106.79402781405335,0.42615280479192735
9400,0.7233336245304447,-106.7586430086914,0.44350230365991594
9500,0.7236382681564246,-106.59919982099257,0.4192002046108246
9600,0.7230514096185738,-106.61150591403691,0.4260445448756218
9700,0.72285789151891,-106.62382293394013,0.43157385498285294
9800,0.723445143256464,-106.63663593027326,0.4243960076570511
9900,0.7227947598253275,-106.17645296604366,0.42104687869548796
10000,0.7226832037732553,-106.18899681425312,0.4295991691946983
10100,0.7217756029360364,-106.17662383769007,0.43210455507040024
10200,0.7217125382262997,-105.73370959500282,0.4279813140630722
10300,0.7213000174733531,-105.61243249107872,0.4277383753657341
10400,0.7209993011879804,-105.60473142487908,0.42409236043691634
10500,0.7221105966628811,-105.61653718068433,0.43703995883464813
10600,0.722649423278574,-105.6282059245168,0.4240236738324165
10700,0.7225524475524475,-105.63974007776145,0.42729021281003954
10800,0.7217558586918503,-105.65114270942144,0.4252730482816696
10900,0.7222951106446253,-105.65915552225886,0.4363230863213539
11000,0.7225039342542402,-105.59999415088072,0.4365352132916451
11100,0.7219452462170909,-105.44488481838329,0.433694489300251
11200,0.7212311997201819,-105.4557900473671,0.43342866212129594
11300,0.7216927515956981,-105.46643409125429,0.42790824592113497
11400,0.7215322721707189,-105.30371604322298,0.42891221344470976
11500,0.7221056313396292,-105.04138891745922,0.42911536633968356
11600,0.7222173646935385,-105.05183833003085,0.43050572007894516
11700,0.7223144829997378,-104.8326065165086,0.43386169731616975
11800,0.7235268441728503,-104.80205312144717,0.4209988304972649
11900,0.7230514096185738,-104.81218463324589,0.42642815083265306
12000,0.7230514096185738,-104.8036103135524,0.4284607422351837
12100,0.7228915662650602,-104.71447446822788,0.42970747530460357
12200,0.7221105966628811,-104.61210392097419,0.4214498060941696
12300,0.7216836957470963,-104.62184104228425,0.42378161758184435
12400,0.722333828281946,-104.63148431851522,0.42561098337173464
12500,0.7217756029360364,-104.50145943597174,0.4237703388929367
12600,0.7225231521929059,-104.47723783907804,0.42574013501405716
12700,0.7225085160276007,-104.47418966768355,0.4297522586584091
12800,0.7222853149296758,-104.48347467254717,0.4227256232500076
12900,0.7220330102174483,-104.49267424895326,0.4342406618595123
13000,0.7221446035626965,-104.50040191883784,0.4211296778917313
13100,0.7208245981830887,-104.50943534489528,0.4310798037052155
13200,0.720816611411621,-104.51720084774604,0.4252169758081436
13300,0.7200906871294036,-104.5260653622303,0.42306431502103803
13400,0.7193579342231528,-104.53485382637103,0.42558924525976183
13500,0.7195462478184991,-104.44127596225789,0.4213440561294556
13600,0.720174672489083,-104.42104027713765,0.43152616918087006
13700,0.7204751921733054,-104.4296092915554,0.4305442535877228
13800,0.7198742577715683,-104.43810551937241,0.41906788557767866
13900,0.7199860298611718,-104.44646459683064,0.4281416377425194
14000,0.7199720670391061,-104.4547277370493,0.4264909687638283
14100,0.7200837915684735,-104.46301276673029,0.43400280356407167
14200,0.7205587079877782,-104.29532914460269,0.4348793238401413
14300,0.7200628875884356,-104.07639291925807,0.4339412617683411
14400,0.7200768827538004,-104.04921517821604,0.4225665840506554
14500,0.7195526821597065,-103.61556323966502,0.42758852303028105
14600,0.7190147611145078,-103.55115139233575,0.42804371684789655
14700,0.7199161059162807,-103.55879692248328,0.42057627350091936
14800,0.7208245981830887,-103.56148917091218,0.4288013815879822
14900,0.7210480349344978,-103.56925836266777,0.4259875279664993
15000,0.722052535125229,-103.42758232970691,0.4266518747806549
15100,0.7220960698689957,-103.23006069617253,0.42081451684236526
15200,0.7219069239500567,-103.23765373250272,0.41947438538074494
15300,0.7213973799126637,-103.24457313429008,0.42519940942525863
15400,0.7223484186615412,-102.82709185702763,0.42627617090940473
15500,0.7232111692844677,-102.8344194344357,0.43217641979455945
15600,0.7230407113590794,-102.8417145520515,0.44019621700048445
15700,0.7223094365951509,-102.84902987351177,0.4231741240620613
15800,0.7229588276343336,-102.8562920387148,0.43418280869722364
15900,0.7227843684577809,-102.85959154456455,0.42952677071094514
