step,f1,logp
2000,0.8317413666421749,-37.85789538556851
2100,0.8534798534798534,-30.927695289189003
2200,0.8568285976168653,-29.578847489856688
2300,0.8578251285819251,-28.887485610634553
2400,0.8573526711951533,-28.330286375476156
2500,0.8579827301120706,-27.88643770916383
2600,0.8590825688073395,-27.417272491847655
2700,0.8604437924078489,-27.261120028560367
2800,0.8591342626559061,-27.108433149059227
2900,0.8583470771486165,-27.132980032908193
3000,0.8602308115039384,-27.128017093653675
3100,0.8603884206669109,-27.034149836660905
3200,0.8599157663431606,-26.877635524883228
3300,0.859080080630383,-26.88850921663012
3400,0.8591832997619484,-26.765217196523174
3500,0.8600182982616651,-26.66046737156501
3600,0.8590259978030026,-26.473858989883887
3700,0.8596009518579535,-26.4523431695725
3800,0.859809663250366,-26.297477055908256
3900,0.859758330281948,-26.177260076716806
4000,0.8594980765708005,-26.132834885735612
4100,0.8601244965214208,-26.112218171067127
4200,0.8596009518579535,-26.027017505444764
4300,0.8600732600732601,-25.957936655872736
4400,0.8604906627608935,-25.908286381503967
4500,0.8605971789705075,-25.807788374572358
4600,0.8607038123167156,-25.803656178659878
4700,0.8600732600732601,-25.780138027532193
4800,0.8603372434017595,-25.787244276414803
4900,0.8603884206669109,-25.803496395199613
5000,0.8605971789705075,-25.813271759295077
5100,0.8597616865261228,-25.768250780281036
5200,0.8599706744868035,-25.789373158052136
5300,0.8599706744868035,-25.758776748052647
5400,0.8599706744868035,-25.726632380879657
5500,0.8596555514840601,-25.723367074535453
5600,0.8591342626559061,-25.742550913458977
5700,0.8597102512378507,-25.746690026563474
5800,0.8597616865261228,-25.758424797328118
5900,0.8595526219288595,-25.77047831156113
6000,0.8592375366568915,-25.756130992009055
6100,0.8599706744868035,-25.752923433221554
6200,0.8602308115039384,-25.76707819702986
6300,0.8605971789705075,-25.76776468422311
6400,0.860546087593916,-25.78030024939853
6500,0.8601795858530328,-25.734077332638684
6600,0.8600732600732601,-25.741967516457283
6700,0.8605971789705075,-25.7323426885458
6800,0.860546087593916,-25.737532702636564
6900,0.8603884206669109,-25.729354000972307
7000,0.8602308115039384,-25.742540203249675
7100,0.8600219860754855,-25.746642343073983
7200,0.8603884206669109,-25.74349290097436
7300,0.8603884206669109,-25.756932118995316
7400,0.8605971789705075,-25.768057011922266
7500,0.8602308115039384,-25.777670047944323
7600,0.8602308115039384,-25.78518649201586
7700,0.8602308115039384,-25.781917084108045
7800,0.8604906627608935,-25.79045332888543
7900,0.8607548552583364,-25.79083581300835
8000,0.8601244965214208,-25.758493769753116
8100,0.8604395604395605,-25.739647160569575
8200,0.8605971789705075,-25.709189553513806
8300,0.8609635464370764,-25.71442519418673
8400,0.8609125893347993,-25.65562818792359
8500,0.8603884206669109,-25.65746187038231
8600,0.8600219860754855,-25.664383900993954
8700,0.8601795858530328,-25.606891886421394
8800,0.8603372434017595,-25.610456583918214
8900,0.8605971789705075,-25.61141610082646
9000,0.8602819996337667,-25.544269166218985
9100,0.8604395604395605,-25.55491351953703
9200,0.8605971789705075,-25.558167974311253
9300,0.8603372434017595,-25.5486791373352
9400,0.8607548552583364,-25.546900344670654
9500,0.860546087593916,-25.516698705344773
9600,0.8605971789705075,-25.51447740910526
9700,0.8609125893347993,-25.523958474804722
9800,0.8607548552583364,-25.511008688054847
9900,0.8607548552583364,-25.515336424681546
10000,0.8609125893347993,-25.505567426128295
10100,0.8611212898497618,-25.393392385506424
10200,0.8611212898497618,-25.402637773595835
10300,0.8609125893347993,-25.40631405519394
10400,0.8609635464370764,-25.411944405693582
10500,0.8605971789705075,-25.413070245461927
10600,0.8603884206669109,-25.41899381227801
10700,0.8603884206669109,-25.423021058311924
10800,0.8608058608058609,-25.42455750846515
10900,0.8605971789705075,-25.427586395499233
11000,0.8609635464370764,-25.40825719176171
11100,0.8609635464370764,-25.404687850643256
11200,0.8604395604395605,-25.40304675194491
11300,0.8604395604395605,-25.41157506367025
11400,0.8604395604395605,-25.410973796661786
11500,0.8604395604395605,-25.41556037568563
11600,0.8600732600732601,-25.411503423681626
11700,0.8604395604395605,-25.415215758574796
11800,0.8604395604395605,-25.407380143410066
11900,0.8602308115039384,-25.402508138983798
12000,0.860546087593916,-25.388350084986318
12100,0.8603884206669109,-25.396676355017576
12200,0.8602308115039384,-25.38500141099275
12300,0.8605971789705075,-25.385179092567554
12400,0.8605971789705075,-25.38696407448596
12500,0.8602308115039384,-25.3942107252128
12600,0.8603884206669109,-25.38028988861488
12700,0.860546087593916,-25.378835279870813
12800,0.860546087593916,-25.37903355379228
12900,0.860546087593916,-25.38557817994441
13000,0.8607548552583364,-25.38372192730481
13100,0.8607548552583364,-25.38160944670421
13200,0.8609125893347993,-25.387749837437866
13300,0.8614369501466276,-25.37512033581208
13400,0.8609635464370764,-25.36616272479258
13500,0.8609635464370764,-25.37023808053059
13600,0.8609635464370764,-25.349392676706174
13700,0.8611721611721612,-25.355231997388582
13800,0.8611721611721612,-25.356431586108144
13900,0.8608058608058609,-25.32705632597579
14000,0.8605971789705075,-25.32478567005922
14100,0.8608058608058609,-25.281117937104693
14200,0.8607548552583364,-25.28060569605131
14300,0.8608058608058609,-25.27988497175166
14400,0.8609635464370764,-25.28445297834312
14500,0.8611212898497618,-25.287858187110096
14600,0.8611721611721612,-25.28674219577254
14700,0.8610703812316716,-25.291481834663145
14800,0.8610703812316716,-25.29435423789956
14900,0.8609125893347993,-25.29888817067078
15000,0.8609125893347993,-25.301477478145557
15100,0.8609635464370764,-25.299143087057338
15200,0.8611212898497618,-25.298608663808185
15300,0.8608058608058609,-25.296968752693545
15400,0.8608058608058609,-25.25616165933439
15500,0.8608058608058609,-25.25959850214705
15600,0.8606482329243729,-25.137914510568265
15700,0.8611721611721612,-25.14154645796311
15800,0.8607548552583364,-25.13969561904345
15900,0.8608058608058609,-25.139593405035622
