step,f1,logp,acc
2000,0.7232167963258037,-166.4892308694366,0.20918447026486756
2100,0.7438629876308278,-139.76249206763868,0.20875
2200,0.7477631829430802,-129.33549958673223,0.24015625
2300,0.7520321315864971,-122.184978826975,0.2271875
2400,0.7549376797698946,-116.08285400940821,0.21078125
2500,0.7567671338068728,-112.20095551456525,0.19484375
2600,0.758937985239145,-110.87214618525397,0.20546875
2700,0.7599040767386092,-109.9641898356713,0.21640625
2800,0.7607550062278432,-108.72268050493768,0.196875
2900,0.7581573896353166,-106.72448986953984,0.20203125
3000,0.7583157085175928,-105.33389308163184,0.19359375
3100,0.7590118235124483,-104.01001622559099,0.2146875
3200,0.7588925206691021,-102.43361944842493,0.210625
3300,0.7607420936268384,-101.77020964740825,0.21234375
3400,0.7617401325266494,-100.75292972826857,0.20390625
3500,0.7601419391963172,-100.15625547783765,0.2390625
3600,0.7602496399423908,-99.4541772418506,0.204375
3700,0.7611911623439,-98.6612339901231,0.18859375
3800,0.7623895505186323,-98.6509565636839,0.20859375
3900,0.7623905302665769,-98.52392779155147,0.1909375
4000,0.7616295868246171,-94.24087319035758,0.20171875
4100,0.7626564003849856,-93.39527932530468,0.200625
4200,0.761794723666474,-93.28113270137425,0.2075
4300,0.7622438179543923,-93.1321686856117,0.2140625
4400,0.761794723666474,-92.31406731925564,0.205625
4500,0.7621158107717506,-91.49507575859877,0.19859375
4600,0.7613723978411719,-91.4083111189268,0.2034375
4700,0.7611062927628409,-90.57590183172994,0.210625
4800,0.7614457831325301,-90.47052725588449,0.18359375
4900,0.7618588507520246,-90.45818494896679,0.21
5000,0.761969111969112,-89.88408803739267,0.18796875
5100,0.7605987445678416,-89.87118981224204,0.2115625
5200,0.7610773240660296,-89.9017078523662,0.205625
5300,0.762097942625326,-89.66926669148307,0.20984375
5400,0.7605987445678416,-88.23550070938536,0.215625
5500,0.7606532032080394,-87.12010913636013,0.191875
5600,0.7613987635239567,-86.93974436143921,0.20625
5700,0.7608108108108108,-86.18394099840967,0.1975
5800,0.7602938333655519,-85.98950973002968,0.196875
5900,0.760560657322378,-85.86940506373188,0.19125
6000,0.760560657322378,-85.44968808324792,0.21015625
6100,0.760560657322378,-85.24594839907627,0.22125
6200,0.7606151465325467,-84.64959501687535,0.1903125
6300,0.7604871447902571,-84.67300645222949,0.20484375
6400,0.7613339777670373,-84.69313456878244,0.2228125
6500,0.7617758003675403,-84.47366738620684,0.2290625
6600,0.7626135704620143,-84.07023668989977,0.2134375
6700,0.7622269476126039,-84.0769479442677,0.22921875
6800,0.7630281349705115,-83.69512018501291,0.2053125
6900,0.7630180658873539,-83.47845817220497,0.20578125
7000,0.763101914523303,-83.07862293958773,0.19921875
7100,0.763101914523303,-83.09790001572128,0.2171875
7200,0.7619876256767208,-83.0463155319851,0.2253125
7300,0.7617206379893668,-82.81100519392083,0.21515625
7400,0.7624116906996999,-82.56513180827709,0.20078125
7500,0.7624116906996999,-82.2116314486531,0.21515625
7600,0.7628447024673439,-82.05936901732179,0.20203125
7700,0.7629923545920836,-82.07619492798204,0.20140625
7800,0.7618401937046004,-82.06062317033937,0.20578125
7900,0.7618678550668475,-82.07765152924986,0.22609375
8000,0.7614065678581807,-82.09408648576604,0.21203125
8100,0.7621721033781822,-82.09202276696965,0.22640625
8200,0.762098335269067,-82.00940459141128,0.23890625
8300,0.7616926503340757,-81.74676149923388,0.21328125
8400,0.7609916715088128,-81.75160179556448,0.2290625
8500,0.7613328167376986,-81.76639750136516,0.226875
8600,0.7612128257289548,-81.78152147161944,0.24515625
8700,0.7621815363750848,-81.69336538109954,0.225
8800,0.7628267182962246,-81.7040478339704,0.2190625
8900,0.7637665731152617,-81.71860405548003,0.20828125
9000,0.7634075508228461,-81.73056889128219,0.226875
9100,0.7635448916408669,-81.7436918164333,0.2375
9200,0.7626971074779917,-81.65456032317154,0.23390625
9300,0.7621260528608771,-81.65919775972867,0.2215625
9400,0.7621443777820786,-81.50301305056803,0.2190625
9500,0.7621443777820786,-81.4080243430299,0.2203125
9600,0.7615637700793497,-81.40044972662574,0.2134375
9700,0.7619047619047619,-81.41347817271759,0.22515625
9800,0.762006196746708,-80.73213497575824,0.21078125
9900,0.7609916715088128,-80.74475296991116,0.2228125
10000,0.7613603333010367,-80.75716678171591,0.21296875
10100,0.7618125484120837,-80.40081119323403,0.2190625
10200,0.7609642753412722,-80.41258025117531,0.2109375
10300,0.7611579049278729,-79.68762332460966,0.23265625
10400,0.7618863174203544,-79.58442233444217,0.23734375
10500,0.7618125484120837,-79.59590979462084,0.23140625
10600,0.7613053161615183,-79.58452581997462,0.216875
10700,0.7611665536285244,-79.58672274117252,0.221875
10800,0.7609264463610815,-79.58863312867027,0.22171875
10900,0.7612403100775194,-79.5998895389389,0.219375
11000,0.7611940298507462,-79.61067607323284,0.2125
11100,0.7612215220552593,-79.31081066271793,0.1946875
11200,0.7613140808217851,-79.23868234413956,0.20015625
11300,0.760566110895696,-79.2228871095449,0.21609375
11400,0.7606945387525463,-79.16504762144335,0.20046875
11500,0.7603257707969749,-79.15742260328878,0.20703125
11600,0.759871931696905,-79.16401385237239,0.20125
11700,0.7599922390376407,-79.17427775421396,0.20109375
11800,0.7605005335144049,-79.04164551751688,0.20640625
11900,0.7605196819856506,-79.04824443227784,0.21484375
12000,0.7601318596082994,-79.05825134478566,0.21546875
12100,0.7601976552659626,-79.0672235983204,0.21328125
12200,0.7612316034082107,-79.07684545633698,0.1965625
12300,0.7608990505715947,-79.08630203595175,0.226875
12400,0.7608527131782946,-79.09556727884657,0.22671875
12500,0.7601511774396744,-79.105114648306,0.2259375
12600,0.7606315993412768,-78.63720559590284,0.22875
12700,0.7607599844901124,-78.504567947329,0.20875
12800,0.7603722373012796,-78.41819749491964,0.2028125
12900,0.760112523038122,-78.42737680140712,0.21875
13000,0.7605934257732958,-78.18063153673518,0.215625
13100,0.7605005335144049,-78.18951078503261,0.20546875
13200,0.7598524558338187,-78.1983968138723,0.19265625
13300,0.7596116504854369,-78.17617290036219,0.21921875
13400,0.7590560357385646,-78.1845832005205,0.23125
13500,0.7588149587178242,-77.73022506812917,0.23015625
13600,0.7582524271844661,-77.7382293519342,0.23046875
13700,0.7585470085470085,-77.74675386663918,0.215625
13800,0.7593240093240093,-77.70769145357696,0.22421875
13900,0.7595845870134912,-77.70437722409524,0.2328125
14000,0.7594174757281553,-77.71244029181477,0.23765625
14100,0.7592233009708738,-77.71983059605108,0.221875
14200,0.7595379089408796,-77.72800626898774,0.21078125
14300,0.759825327510917,-77.7236668232793,0.1990625
14400,0.7600931677018633,-77.15741558303614,0.21125
14500,0.7602872670807453,-77.15372648528478,0.21703125
14600,0.7599728234494807,-77.15347559120109,0.2003125
14700,0.7601203766624599,-77.16126685018722,0.2009375
14800,0.7600737935721915,-77.16894884440441,0.20671875
14900,0.7605086884768469,-77.17636861976366,0.20140625
15000,0.7608231411376432,-77.1838933507464,0.20921875
15100,0.7609159712788667,-77.1915240077,0.2034375
15200,0.7606945387525463,-77.19911342102567,0.2140625
15300,0.7603337861439938,-77.03898864895763,0.20671875
15400,0.7609434145394546,-77.04293417013932,0.2125
15500,0.7612302318812457,-77.04993507169166,0.21703125
15600,0.7607683352735739,-77.05515896443993,0.22359375
15700,0.7607957302280446,-77.06242263849025,0.21703125
15800,0.7608421461142912,-77.06956649406129,0.19765625
15900,0.7607957302280446,-76.9827687258483,0.205
