step,f1,logp,acc
2000,0.8259978294947546,-63.180946242218056,0.21355728385807096
2100,0.8486532189878004,-51.1636607250121,0.2053125
2200,0.8474411836041718,-48.549715758831795,0.1884375
2300,0.8529625151148731,-46.64872070892066,0.1996875
2400,0.8531519494716385,-45.69506673544508,0.21578125
2500,0.8532489656850816,-45.031917498587724,0.2103125
2600,0.853845219292917,-44.96887486302315,0.2103125
2700,0.8539462483278609,-44.50468894718518,0.203125
2800,0.8540829986613119,-44.35712665906222,0.1953125
2900,0.8545741708176406,-43.87778765912924,0.21453125
3000,0.8550936056406516,-43.76045255389199,0.216875
3100,0.8560320738670878,-43.3495417827152,0.19265625
3200,0.8547798589151058,-43.20696452866225,0.21734375
3300,0.8553351989293101,-42.91026749402467,0.220625
3400,0.8555785375349799,-42.75936381820932,0.20359375
3500,0.8556826478461913,-42.53069435894973,0.2321875
3600,0.8562735791651455,-42.33661733400023,0.21625
3700,0.8560301813313862,-41.911057736199865,0.1953125
3800,0.8568298027757487,-41.89375408894071,0.20828125
3900,0.856760374832664,-41.89214317459751,0.2203125
4000,0.8555785375349799,-41.88149799355402,0.2134375
4100,0.8562735791651455,-41.84605967398984,0.2196875
4200,0.8563777994157741,-41.804613175107214,0.21390625
4300,0.8568994889267462,-41.81568992544075,0.2165625
4400,0.8564820450395618,-41.74369597443405,0.22234375
4500,0.8572471705001825,-41.56683820215549,0.22875
4600,0.8568994889267462,-41.595026387217736,0.19125
4700,0.8565518919576591,-41.49335993582406,0.21640625
4800,0.8564476885644768,-41.29243178148015,0.21296875
4900,0.856655705760565,-41.28838114255788,0.1915625
5000,0.8571428571428571,-41.19700472391822,0.19890625
5100,0.8565513882123721,-41.18449658476632,0.23234375
5200,0.8566212268743915,-41.201295258368205,0.20515625
5300,0.8567600487210718,-41.22423175743546,0.2103125
5400,0.8566561207106352,-41.216066056417496,0.23078125
5500,0.8569343065693431,-41.00100048932082,0.23640625
5600,0.8568996960486323,-40.83227030315247,0.2071875
5700,0.8569691072731696,-40.80526937666642,0.19953125
5800,0.8568648911589444,-40.781319834308704,0.20765625
5900,0.8572817894480914,-40.80202224110967,0.211875
6000,0.8570038910505836,-40.812067390967385,0.220625
6100,0.857872340425532,-40.821872541246876,0.205625
6200,0.8572817894480914,-40.778237312203544,0.2084375
6300,0.8574902723735408,-40.754111871088035,0.2115625
6400,0.8581499939224505,-40.75325811863749,0.22859375
6500,0.8580449301760777,-40.74156630888227,0.2334375
6600,0.8581138487680544,-40.65693890883679,0.22625
6700,0.8578711008617551,-40.65274334813941,0.20515625
6800,0.8576287657920311,-40.66445802639255,0.20734375
6900,0.8574204517852806,-40.65902116869313,0.20765625
7000,0.8576979116075765,-40.616561089498546,0.20734375
7100,0.8575245961374954,-40.59713461145136,0.2028125
7200,0.8580104457670351,-40.607793807787345,0.210625
7300,0.8575595527467185,-40.597975671908564,0.18796875
7400,0.8575595527467185,-40.50099419342824,0.20953125
7500,0.8580456976178902,-40.51389937130128,0.19484375
7600,0.8587062256809338,-40.51533753992238,0.19015625
7700,0.8574902723735408,-40.53003699585919,0.21046875
7800,0.8568996960486323,-40.54516568644044,0.2265625
7900,0.8571081113948681,-40.55855136092562,0.22875
8000,0.8575249209822514,-40.48210693499433,0.22109375
8100,0.8575945518667153,-40.48361629571978,0.2159375
8200,0.8576642335766423,-40.48714689677201,0.23109375
8300,0.8578377721026389,-40.44816103001043,0.21546875
8400,0.857976653696498,-40.459892081882245,0.22421875
8500,0.857976653696498,-40.44756109136145,0.21953125
8600,0.8583930959037316,-40.45222576614612,0.22078125
8700,0.8584630350194552,-40.464003956436315,0.211875
8800,0.8583586626139817,-40.47693019352539,0.19515625
8900,0.8583930959037316,-40.491039713617376,0.20046875
9000,0.8583586626139817,-40.46020128708507,0.23515625
9100,0.8583586626139817,-40.44812938038124,0.2090625
9200,0.8585674328104098,-40.461395715703524,0.20625
9300,0.858671855996108,-40.465461570609406,0.19953125
9400,0.8587062256809338,-40.42939774146164,0.22
9500,0.8587062256809338,-40.431097951691854,0.21328125
9600,0.8583242125744862,-40.440315756592234,0.2153125
9700,0.8582543155847313,-40.40345993880885,0.209375
9800,0.8581155015197568,-40.21141064211031,0.21859375
9900,0.8583586626139817,-40.221889209391904,0.19171875
10000,0.8581853563609827,-40.199606569841535,0.21796875
10100,0.8586018237082067,-40.18213260224418,0.22921875
10200,0.8586018237082067,-40.194129530782575,0.20375
10300,0.8580809923385626,-40.203737811623775,0.20015625
10400,0.8584275124559485,-40.21171297999531,0.20671875
10500,0.8582887700534759,-40.222299882940305,0.2234375
10600,0.8583232077764277,-40.121282963867465,0.206875
10700,0.8589821450261144,-40.11779971594666,0.2221875
10800,0.858634928345883,-40.11746395341906,0.225625
10900,0.8588420924869523,-40.11632771170217,0.21875
11000,0.8588420924869523,-40.05131614908852,0.19
11100,0.8584264205925206,-40.061753208439626,0.213125
11200,0.857663347097401,-40.05885435822828,0.21171875
11300,0.8576979116075765,-40.06793276694095,0.220625
11400,0.857663347097401,-40.07820690713744,0.20609375
11500,0.8579407479358913,-40.033479559158124,0.2240625
11600,0.8578371810449574,-40.03869182277484,0.21640625
11700,0.8576979116075765,-39.976060353496024,0.2065625
11800,0.85773245933479,-39.94087693380422,0.21453125
11900,0.8572815533980582,-39.94711131586945,0.221875
12000,0.8575245961374954,-39.82740984299056,0.21421875
12100,0.8569694026226323,-39.755783567295666,0.2053125
12200,0.8569346611610396,-39.675694807546094,0.22
12300,0.8569694026226323,-39.68112005208974,0.2246875
12400,0.8571775564731601,-39.68881331645066,0.22140625
12500,0.8574550752792618,-39.69512022281681,0.23234375
12600,0.8576979116075765,-39.69952115505687,0.21640625
12700,0.8575242718446602,-39.59099506210423,0.20625
12800,0.8575242718446602,-39.59789359394992,0.21984375
12900,0.8572815533980582,-39.59609542952972,0.22609375
13000,0.8572815533980582,-39.60270269281354,0.2315625
13100,0.8580097087378641,-39.60999440445755,0.208125
13200,0.8576974402523353,-39.61747280533843,0.215625
13300,0.8578360019408054,-39.59365922155577,0.21328125
13400,0.857940070362732,-39.59190696128703,0.21484375
13500,0.8583909719694212,-39.598990770457114,0.209375
13600,0.858148282975367,-39.60271916986197,0.2078125
13700,0.8581138487680544,-39.53595045984528,0.21328125
13800,0.8579752367079388,-39.541418861067186,0.21375
13900,0.8583565966743537,-39.549713341159105,0.21046875
14000,0.8586692569208354,-39.55598392748504,0.230625
14100,0.8579407479358913,-39.55983244035943,0.21640625
14200,0.8579055939813129,-39.53088554810324,0.22015625
14300,0.8586336609634753,-39.53868179436654,0.20890625
14400,0.8587378640776699,-39.545262043205035,0.22890625
14500,0.858495145631068,-39.551240361514026,0.22140625
14600,0.8589105908043189,-39.50898901570824,0.2178125
14700,0.8586679606939221,-39.44261184587302,0.20359375
14800,0.8589105908043189,-39.306489383221134,0.2253125
14900,0.8589448150394178,-39.313830766154396,0.19984375
15000,0.858806404657933,-39.31713726602614,0.20375
15100,0.858909090909091,-39.30502419785671,0.19953125
15200,0.8591173617846751,-39.29811617601418,0.1971875
15300,0.8590132137228755,-39.30144188046602,0.21734375
15400,0.8586666666666667,-39.289834830707406,0.2209375
15500,0.8587009209888512,-39.29271445656676,0.2184375
15600,0.8588392099842481,-39.29897098389634,0.2175
15700,0.8587009209888512,-39.305885567551854,0.22703125
15800,0.8584242424242424,-39.312520442522754,0.2290625
15900,0.8585625984729124,-39.316098582728955,0.22640625
