step,f1,logp,acc
2000,0.8462659380692168,-32.16779974601717,0.1749889855792021
2100,0.8618684114867321,-28.765941967572562,0.17194815821945666
2200,0.8679519825391051,-27.686618640765758,0.17711748369038105
2300,0.8712079927338783,-27.035211240774267,0.17411624267697334
2400,0.8713662790697675,-26.240069271987707,0.17738616809248925
2500,0.8762250453720508,-25.80948810689174,0.17114547185599804
2600,0.8761142441331635,-25.286044498177418,0.16964771777391432
2700,0.8760932944606414,-25.03424032450555,0.17373986423015594
2800,0.8788927335640139,-24.844311082392846,0.17346527755260469
2900,0.8811214272710722,-24.555122724807497,0.17501090407371522
3000,0.8805834092980857,-24.464959093701957,0.17618698209524156
3100,0.8814423602258241,-24.26539821172856,0.16912546522915364
3200,0.8804367606915378,-24.249400691374092,0.16573069199919702
3300,0.8812511365702855,-24.078665863388636,0.17168818213045597
3400,0.8820960698689956,-24.036641442143793,0.17064014814794062
3500,0.8828992897468585,-23.9186750251086,0.1645552983880043
3600,0.8812818645302258,-23.883859851488573,0.17304784066975118
3700,0.8835092828540225,-23.832528703556722,0.1749848260730505
3800,0.884,-23.8016132404723,0.18093122430145742
3900,0.8842870118074477,-23.75391675192426,0.16849186524748802
4000,0.8842028722050537,-23.750754554801095,0.17530429773032666
4100,0.8827160493827161,-23.757172781618166,0.16980319999158383
4200,0.881164695177434,-23.720163308094584,0.17746729217469692
4300,0.8795049144521296,-23.67313557215941,0.1785139875859022
4400,0.8805671696055263,-23.659540194159284,0.17076983295381068
4500,0.8818181818181818,-23.651108468516924,0.16573148183524608
4600,0.8812943101254317,-23.626772009132136,0.17252003476023675
4700,0.8807272727272727,-23.579249002386014,0.17723507158458232
4800,0.8807706288622319,-23.558160931308386,0.17391583807766436
4900,0.8812511365702855,-23.54998647843398,0.16761925280094148
5000,0.8809740141740868,-23.554073983036446,0.1778076034784317
5100,0.8818611414031261,-23.577220911002208,0.16957617431879043
5200,0.8816578803853845,-23.572304119343443,0.17644378915429115
5300,0.8828763392046486,-23.56116478421315,0.17834954112768173
5400,0.8823529411764706,-23.558179890724283,0.17252701438963414
5500,0.8816148390616476,-23.581274201824748,0.17557786591351032
5600,0.8819356012370384,-23.578559945470015,0.17510387375950814
5700,0.8812079315990541,-23.52794435803768,0.16993165865540505
5800,0.8818926296633303,-23.512317697218414,0.17939147986471654
5900,0.8816891153986167,-23.52039034646598,0.16676439166069032
6000,0.8813250819075354,-23.527886171374767,0.1705420684069395
6100,0.8820531488896979,-23.544177152945064,0.16832591086626053
6200,0.8820531488896979,-23.56217415097932,0.1676119415462017
6300,0.8816460305899491,-23.57131041517621,0.170401209294796
6400,0.8815286624203822,-23.590205889909388,0.17436925172805787
6500,0.8818065926060826,-23.5497560959094,0.1704696874320507
6600,0.8822137265610778,-23.494344340835593,0.1795223780721426
6700,0.8825027282648236,-23.49967804684779,0.1709815038740635
6800,0.8818181818181818,-23.45442865113784,0.17472786635160445
6900,0.8815406976744186,-23.452122796219857,0.17260328687727453
7000,0.8825131650626475,-23.374304477188293,0.17477340541779995
7100,0.8828763392046486,-23.346912836705627,0.1702110543847084
7200,0.8830791575889615,-23.3538874394137,0.17029958143830298
7300,0.8822674418604651,-23.365140717844312,0.1693628028780222
7400,0.8816696914700545,-23.34972677529399,0.17338590882718563
7500,0.8823850209052899,-23.362472492984395,0.16848571680486202
7600,0.8825454545454545,-23.373752701583065,0.16418377071619034
7700,0.8833999273519797,-23.34421474367412,0.17247867658734323
7800,0.8830366872502724,-23.3226885159005,0.1727705928683281
7900,0.8845315904139434,-23.315524442113183,0.17735723711550236
8000,0.8850553840566552,-23.306974244438194,0.1783497329056263
8100,0.8834757316851481,-23.313973930680042,0.17116997003555298
8200,0.8827059465357338,-23.299460836926627,0.17145275212824346
8300,0.8827385287691187,-23.286035819358766,0.17065152890980242
8400,0.8825350573665999,-23.29171147771841,0.17225334607064724
8500,0.8827385287691187,-23.26664815235196,0.1693875440955162
8600,0.8831877729257642,-23.264144592802452,0.17609918653964995
8700,0.8823850209052899,-23.27119387618763,0.17492623694241047
8800,0.8820214506453372,-23.268957700705062,0.1822701473534107
8900,0.8824277666727239,-23.25030593064956,0.17550293736159803
9000,0.8823850209052899,-23.25888701316324,0.1753441559523344
9100,0.8826308139534884,-23.267442484773355,0.1716007598489523
9200,0.8827912047973833,-23.17471606544387,0.17963227801024914
9300,0.8824277666727239,-23.165754933445836,0.1716989690810442
9400,0.8822674418604651,-23.176373006788324,0.17223621025681496
9500,0.8824277666727239,-23.17033960589385,0.16876547291874885
9600,0.8825454545454545,-23.136979109584836,0.17080189138650895
9700,0.8831121614251954,-23.129354670418685,0.17670561954379083
9800,0.8826308139534884,-23.13415238238072,0.1713158954679966
9900,0.8825454545454545,-23.10435300111768,0.16853141836822033
10000,0.8825027282648236,-23.034209525354704,0.17497120551764966
10100,0.8820531488896979,-23.038242341544592,0.1740320621430874
10200,0.8822565969062784,-23.0290491952074,0.1837144809216261
10300,0.8816891153986167,-23.033200033480476,0.17879906512796878
10400,0.8816891153986167,-23.03913916822072,0.16806983903050424
10500,0.8820531488896979,-23.035554136416675,0.16905164219439028
10600,0.8827812158718602,-23.0105587275465,0.17385634884238244
10700,0.8828238719068413,-23.006579863457333,0.1811570995301008
10800,0.8831877729257642,-23.002845680107427,0.17668907798826694
10900,0.8829845313921747,-22.995321079076305,0.17632792748510837
11000,0.882941926087748,-22.94943078171771,0.1714497298002243
11100,0.8825778263244128,-22.8922481110357,0.18279237382113933
11200,0.8823743627093955,-22.86416622575417,0.18362082302570343
11300,0.882417182380779,-22.871489397887018,0.17585548736155032
11400,0.8827812158718602,-22.871292653701957,0.18073175683617593
11500,0.8825778263244128,-22.859295810773578,0.17017182394862174
11600,0.8829845313921747,-22.866136600796843,0.17973825246095657
11700,0.8830271056940149,-22.875032871654497,0.16095675148069857
11800,0.882941926087748,-22.884502826540587,0.17011738277971744
11900,0.8834668608885652,-22.875271312499027,0.16896120861172675
12000,0.8834668608885652,-22.861290732051657,0.17007406391203403
12100,0.8832635221271171,-22.863621480404802,0.17078741356730462
12200,0.8827385287691187,-22.861273517388394,0.16802123665809632
12300,0.882941926087748,-22.869274056463873,0.16620252955704928
12400,0.882417182380779,-22.867712815854432,0.16839761346578597
12500,0.8827812158718602,-22.847738054611547,0.1758923898637295
12600,0.8827812158718602,-22.839908015879047,0.1686200374364853
12700,0.8834668608885652,-22.82886663835375,0.17053792037069798
12800,0.8831452493629414,-22.82496464772398,0.17500984840095044
12900,0.8829845313921747,-22.798619897326255,0.17713522851467134
13000,0.8832635221271171,-22.792729347323174,0.17802222408354282
13100,0.883102694828842,-22.799839891642442,0.1715028239041567
13200,0.8827812158718602,-22.775454876436537,0.17450531989336013
13300,0.8826205641492265,-22.760323225951534,0.175344984382391
13400,0.882417182380779,-22.742599107261377,0.1764702419936657
13500,0.8818926296633303,-22.74490530060779,0.17400179348886013
13600,0.8813250819075354,-22.735438036733825,0.1781200076639652
13700,0.8813250819075354,-22.74034109061927,0.175137270539999
13800,0.881004366812227,-22.74709996355122,0.1674533626437187
13900,0.8808440967800618,-22.731603197821073,0.17876430690288544
14000,0.8805970149253731,-22.737278677524383,0.17443107590079307
14100,0.8804367606915378,-22.741908033435884,0.17818752847611904
14200,0.8805970149253731,-22.743917262227267,0.17813062742352487
14300,0.8802765647743813,-22.733414968835085,0.17070086523890496
14400,0.8808007279344859,-22.734071243604703,0.1788672547787428
14500,0.8816460305899491,-22.729733261543196,0.17651723936200142
14600,0.8820101966496723,-22.733816479472395,0.17201704978942872
14700,0.8818496267977426,-22.739190093336767,0.17484274469316005
14800,0.8818065926060826,-22.74185334628017,0.18027437783777714
14900,0.8814855270344074,-22.700140937718835,0.1753361029922962
15000,0.8818926296633303,-22.697400484126398,0.17305015474557878
15100,0.8815286624203822,-22.700922888093114,0.17185443058609962
15200,0.8815717664180462,-22.696999803117357,0.18047063924372198
15300,0.8815717664180462,-22.69932283403027,0.17630994006991385
15400,0.881090909090909,-22.69987807045091,0.17252277478575706
15500,0.8817321688500728,-22.70554539733179,0.17738439537584783
15600,0.8818926296633303,-22.708526718391774,0.17585221402347087
15700,0.8818926296633303,-22.71205126071918,0.17512491822242737
15800,0.8818926296633303,-22.716043547782377,0.16600314363837243
15900,0.8820960698689956,-22.713174486487752,0.17571728989481927
