step,f1,logp
2000,0.6584517539501142,-220.23937087591577
2100,0.6876331541036826,-160.07950420795584
2200,0.6810733306022122,-148.93461304594373
2300,0.6877744867735676,-143.92983416554324
2400,0.6821626049559697,-136.9382866374558
2500,0.685521057485398,-133.71123221001463
2600,0.687717859339758,-132.11236119987203
2700,0.6911734589391767,-129.37662712258012
2800,0.691644426195853,-128.18889825870465
2900,0.6929797512591223,-124.72649176591983
3000,0.6958397534668721,-121.64344147149092
3100,0.6923711340206186,-121.4868236788915
3200,0.6926959925826723,-119.64278310573384
3300,0.693986820428336,-117.64756410171782
3400,0.6945330999691136,-115.3773955052805
3500,0.695857744886422,-115.29813922244716
3600,0.6953574363188167,-115.34165698419093
3700,0.6955806783144912,-115.07349824325813
3800,0.69715342719145,-114.75857030251876
3900,0.6957505916246527,-114.1343856210957
4000,0.6954554801562821,-114.12889782023963
4100,0.6954377311960542,-113.45854496635809
4200,0.695356738391846,-113.39622828009072
4300,0.6958672575492116,-112.66801191876272
4400,0.6961087090796788,-111.24098254639682
4500,0.6976600350479332,-110.8895548942554
4600,0.6973535166306251,-109.92138756991994
4700,0.6974253347064882,-109.20812703075725
4800,0.6971475646174441,-107.66238477328892
4900,0.6973345682823917,-107.30710563670374
5000,0.6974063400576369,-107.2419211526753
5100,0.6966731898238747,-107.27250060183593
5200,0.6977988068298704,-106.66496944949819
5300,0.6964487905301081,-106.21510682962338
5400,0.6955177743431221,-106.24476325963465
5500,0.6965297085779013,-106.27155120122882
5600,0.6969229185962745,-106.29868433918871
5700,0.6960996192240403,-106.14235305548738
5800,0.6959118525383585,-106.09397854257061
5900,0.6960370560988163,-106.11955707469718
6000,0.6946674902203006,-106.02189885265625
6100,0.6944701884460921,-105.88342262054232
6200,0.6949187409997942,-104.53727813341068
6300,0.6947671430040094,-103.95897449556801
6400,0.6949727562455023,-103.76174668315491
6500,0.6956074477934369,-103.70364442579535
6600,0.6955448091367424,-103.72548566926038
6700,0.6952047746449886,-103.52100701792011
6800,0.6937261769856804,-102.2578872485679
6900,0.6944959802102659,-101.87595471708495
7000,0.6947563613886886,-101.8960716079624
7100,0.6937976509375644,-101.02471794122562
7200,0.6939406430338005,-100.29747741840364
7300,0.694630526641245,-100.30594950754785
7400,0.6932040837372383,-100.2933803877682
7500,0.6927362773421378,-100.31163906617053
7600,0.6938144329896907,-99.763680712464
7700,0.6940752189592994,-97.88027921749709
7800,0.6942012565660727,-97.74912077047212
7900,0.6941382507468837,-97.76547390247202
8000,0.6940836940836941,-97.63258284229221
8100,0.6944873776403916,-96.82856161543049
8200,0.694415825262724,-96.3891532926521
8300,0.6942812982998454,-96.40299053597145
8400,0.6949623982692902,-96.18911538662175
8500,0.6946847960444994,-96.17447185842981
8600,0.6946218833711106,-95.85201311706598
8700,0.69428983714698,-95.67305318699998
8800,0.6947563613886886,-95.68753965390593
8900,0.6943442876274853,-95.70113901168075
9000,0.694415825262724,-95.71239824013465
9100,0.6935999175512728,-95.57671169861833
9200,0.6942182830052561,-95.50397092324388
9300,0.6940836940836941,-95.51439390883417
9400,0.6943528441879637,-95.52720755727694
9500,0.6947650453421269,-95.39800936582917
9600,0.6941467436108821,-95.40915902419601
9700,0.6943528441879637,-94.97449987777874
9800,0.6942012565660727,-94.94675323103925
9900,0.6935999175512728,-94.29184578806873
10000,0.6938691396187532,-93.79333734102028
10100,0.6945589447650453,-93.80572819726342
10200,0.6940921744509744,-93.76128678680153
10300,0.6940836940836941,-93.77333402460212
10400,0.6944787803873095,-93.78397029082512
10500,0.6939237899073121,-93.57086647156342
10600,0.6937178166838311,-93.58243285715758
10700,0.6936547177585497,-93.54213114732002
10800,0.6941212807577474,-93.55324091009234
10900,0.6943357363542739,-93.44828634838916
11000,0.6949361877315767,-93.20833612329952
11100,0.6941128036228901,-93.21929539928257
11200,0.6938439365863702,-93.22451451808382
11300,0.6942642364329111,-93.23308517869447
11400,0.6937011115685467,-93.2437383681157
11500,0.6939783839423572,-93.22528994083675
11600,0.6943815599917679,-93.04515162935061
11700,0.6941128036228901,-92.89411858763687
11800,0.6943101142092808,-92.88101049116969
11900,0.6943815599917679,-92.7425018721701
12000,0.6951244599876568,-92.7525232964795
12100,0.6949814890991362,-92.76245273234275
12200,0.694990227342866,-92.76502320794802
12300,0.695258665021084,-92.77475724068555
12400,0.6947216791851013,-92.75160730437722
12500,0.6947844871926756,-92.0652412153252
12600,0.6946502057613169,-91.93325559011149
12700,0.695178369486995,-91.9409756063821
12800,0.6953213367609254,-91.90455952854589
12900,0.6947043701799486,-91.84872782973602
13000,0.6941043317213705,-91.85781535713758
13100,0.6940244780417567,-91.21408350740127
13200,0.6947043701799486,-91.16989835684362
13300,0.6949100257069408,-91.177375997493
13400,0.6949187409997942,-90.94500235881034
13500,0.694238683127572,-90.95369081132324
13600,0.6941043317213705,-90.96232481048088
13700,0.6943101142092808,-90.9708917360294
13800,0.694587363655073,-90.97663416102459
13900,0.694587363655073,-90.97433728976293
14000,0.694515896697191,-90.96423682671502
14100,0.6945244956772334,-90.97234482874813
14200,0.6947216791851013,-90.96885082171612
14300,0.6940329218106996,-90.89747855491348
14400,0.6943015840362066,-90.68954876371578
14500,0.6948472693613083,-90.69696474620007
14600,0.6945787470424853,-90.70232897001453
14700,0.694515896697191,-90.64477370868994
14800,0.6945073030240692,-90.54486804407176
14900,0.6936380481778875,-90.55141807078596
15000,0.6943186496500617,-90.04349297327249
15100,0.6941212807577474,-90.04997541030767
15200,0.6945959855892949,-90.0568373224965
15300,0.6947844871926756,-89.97092015092414
15400,0.6948472693613083,-89.82823581304697
15500,0.6951156812339332,-89.83565730173143
15600,0.6948298900195292,-89.79477708074502
15700,0.6950442113921448,-89.80088434863906
15800,0.6953036686876991,-89.45864932808428
15900,0.6961167043353195,-89.46585530675208
