step,f1,logp,acc
2000,0.5283667621776504,-349.34754605462615,0.16004497751124439
2100,0.5268785846213667,-318.84754634404214,0.1584375
2200,0.5270016783492941,-299.919523287024,0.1603125
2300,0.5314878892733564,-290.2138745839103,0.16015625
2400,0.5324367088607594,-282.1094128170272,0.1615625
2500,0.5392350157728707,-271.05041986379797,0.14625
2600,0.5422160991930722,-262.02307822057315,0.1553125
2700,0.5426463354648303,-260.1120769807943,0.16359375
2800,0.5425898572131955,-256.01626384001906,0.14765625
2900,0.5393658006519806,-255.82187487428723,0.14546875
3000,0.5353785254824345,-254.18053487503715,0.15515625
3100,0.5320245885385683,-251.1428469128196,0.1378125
3200,0.5315574992545473,-247.22465448178068,0.14296875
3300,0.5296931048226385,-247.0762350489885,0.16
3400,0.528,-243.29796811429264,0.1684375
3500,0.5274130500150346,-238.77298992645794,0.1603125
3600,0.5284683239775461,-236.56091302767103,0.1425
3700,0.5281506712081747,-235.10168304615917,0.155
3800,0.5286918138041734,-235.1545003129557,0.12890625
3900,0.5261464199517297,-234.9443106301021,0.14828125
4000,0.5255945183393793,-231.855519453693,0.135
4100,0.524904214559387,-229.73906605728325,0.154375
4200,0.5245603395997575,-226.72006343009303,0.1484375
4300,0.5258367883506927,-226.08894810104727,0.15484375
4400,0.526070669231548,-224.71750962049884,0.14078125
4500,0.5238675604306318,-224.75736829312035,0.14171875
4600,0.5235772357723577,-223.38334491707818,0.16171875
4700,0.523499491353001,-221.3720884608249,0.16546875
4800,0.5226786260320049,-221.39708007516757,0.16859375
4900,0.5228198859005705,-221.20517633595435,0.1634375
5000,0.521650534895568,-220.40259277125986,0.1625
5100,0.5219959266802444,-220.0116125635919,0.14953125
5200,0.5222709203954745,-219.507196853629,0.135
5300,0.5229264316282861,-219.41108909087015,0.14125
5400,0.5232522641701435,-218.33344691469628,0.1403125
5500,0.5234025234025234,-214.42991087424326,0.14890625
5600,0.524690103637472,-213.0463558286374,0.14703125
5700,0.5242738167783871,-212.67166024810678,0.1353125
5800,0.5244336076399472,-212.69818693690124,0.1546875
5900,0.5227734851565677,-211.9726749711578,0.1390625
6000,0.5240804714488925,-211.99786521891102,0.13859375
6100,0.5255474452554745,-210.00090095277278,0.159375
6200,0.5245968150928086,-209.84065574972004,0.135625
6300,0.5242974535862839,-209.86407602277666,0.1390625
6400,0.5246500304321363,-209.88696031366158,0.149375
6500,0.5246700507614214,-207.85369369005562,0.14640625
6600,0.5258035080604279,-207.14610849131216,0.1578125
6700,0.5266997669470058,-206.48097033122403,0.15625
6800,0.528798461382731,-205.9062075422537,0.15953125
6900,0.5278087326512005,-205.7373239923092,0.1528125
7000,0.5294415729198337,-205.51160163467858,0.166875
7100,0.5304427109715327,-204.52973487178596,0.16078125
7200,0.5313735428281804,-203.34629139616823,0.15125
7300,0.5333738478679226,-200.66884824268382,0.1678125
7400,0.533873417721519,-200.67824368757127,0.15921875
7500,0.5353054401783001,-200.62878691005488,0.1496875
7600,0.5353566009104704,-200.4262875920394,0.16859375
7700,0.5367825383993533,-199.35007043559057,0.145
7800,0.5377082281675921,-196.89047983344435,0.16984375
7900,0.5382676212564284,-195.4985642125871,0.1575
8000,0.5379032258064517,-195.4217765392624,0.14765625
8100,0.5384692951497428,-194.67493448845224,0.1390625
8200,0.538508064516129,-192.8866972940046,0.15
8300,0.5391584457418965,-192.90255910748567,0.143125
8400,0.5391112004826061,-190.9167619391797,0.15796875
8500,0.538244766505636,-190.26544456608957,0.1559375
8600,0.538964303670186,-189.7430156113063,0.15390625
8700,0.5392196299275945,-189.75800247502093,0.1425
8800,0.5404970318945568,-189.14136366220458,0.13484375
8900,0.5404589371980676,-189.15574730443376,0.14765625
9000,0.5396697543294402,-189.17001217301436,0.15125
9100,0.540295804406882,-189.1841551703079,0.155625
9200,0.539676154078246,-189.18223607067998,0.14203125
9300,0.5389414369088348,-189.19582226323666,0.1328125
9400,0.5396154233363536,-189.17951141032853,0.14359375
9500,0.5374218277183781,-188.75412369903117,0.14078125
9600,0.5362406622249142,-188.22100664499624,0.15703125
9700,0.534949494949495,-187.81151263892855,0.14171875
9800,0.5358909641595154,-187.2736966236144,0.1621875
9900,0.5354584888530213,-186.6851775288194,0.1621875
10000,0.5348391650700817,-184.49161552225283,0.16390625
10100,0.5357106880225647,-184.32094349785189,0.15515625
10200,0.5366001209921355,-184.33318355246968,0.15734375
10300,0.536708350141186,-184.34513464892675,0.145625
10400,0.5363737261628494,-184.34882066496436,0.1521875
10500,0.5356602441238777,-184.35800957093772,0.1509375
10600,0.5373676248108926,-184.36967809723234,0.14703125
10700,0.5378795521032987,-183.97552056447083,0.15125
10800,0.5379963716992542,-183.97982710498562,0.14578125
10900,0.5385312783318223,-183.98468753880658,0.14671875
11000,0.5388956066102378,-183.8041736578165,0.16265625
11100,0.5391199274997482,-183.4951092390776,0.15
11200,0.5397624320515402,-183.50586329056296,0.1475
11300,0.5407198873919163,-183.51665086154412,0.13796875
11400,0.5404101326899879,-182.38800899272178,0.1509375
11500,0.5408880851918827,-182.3983436952729,0.14953125
11600,0.5403776617115308,-182.40878113367603,0.143125
11700,0.5400301356102462,-182.41912172307002,0.1271875
11800,0.5402853124372111,-181.98594919510225,0.14234375
11900,0.5414785836091884,-181.99600647233638,0.13875
12000,0.5417919422730006,-182.00603664666272,0.13296875
12100,0.5414663461538461,-182.01596719943575,0.13765625
12200,0.5407733921057905,-182.0258001195529,0.1409375
12300,0.5406434800040092,-182.03549323318288,0.12953125
12400,0.5406109163745618,-182.0451365094488,0.11890625
12500,0.5399117529081428,-182.05468768025287,0.135625
12600,0.5400040104271104,-182.06414836907817,0.140625
12700,0.5401123144805455,-182.07346707783523,0.1340625
12800,0.5406434800040092,-182.0808147589836,0.12234375
12900,0.5404809619238476,-182.09001437644378,0.138125
13000,0.5403888554820605,-181.85201980711906,0.1334375
13100,0.5403347028760397,-181.40709318434773,0.13453125
13200,0.5398256687706643,-181.37896744799718,0.13453125
13300,0.5397715888599479,-181.38784028402694,0.130625
13400,0.539993993392732,-181.39659987080927,0.13046875
13500,0.5402103154732099,-181.17909290983147,0.13859375
13600,0.5397556579210895,-181.18773592083258,0.1453125
13700,0.5397397397397398,-181.19630491589834,0.13015625
13800,0.5389545363508913,-181.19960786397468,0.13984375
13900,0.5389545363508913,-181.20803251361838,0.14046875
14000,0.5389701462632739,-181.00119151920268,0.1453125
14100,0.5387003104035246,-181.0094765702911,0.1559375
14200,0.5378067100650976,-181.01769354332538,0.15640625
14300,0.5379144545727738,-181.02582409566938,0.15125
14400,0.5373672610699258,-180.9670074198434,0.15171875
14500,0.5388082123184778,-180.9745825843722,0.156875
14600,0.5393010914188445,-180.89867492056212,0.155
14700,0.5394855369832849,-180.90358194511117,0.15984375
14800,0.5387387387387388,-180.91141283861202,0.15125
14900,0.5384076114171257,-180.9191828726053,0.15796875
15000,0.5386848163347012,-180.92689279921214,0.13078125
15100,0.5392696348174087,-180.93454394561695,0.139375
15200,0.539046856227473,-180.47577411637596,0.14171875
15300,0.5391008310804045,-180.3571676789653,0.12421875
15400,0.5388621794871795,-179.7419302370478,0.1296875
15500,0.5390625,-179.7493525828698,0.1465625
15600,0.5393168386256636,-179.30619468140003,0.131875
15700,0.538931756689047,-179.31351000229384,0.1328125
15800,0.5396952686447474,-179.32077218538257,0.126875
15900,0.5399117529081428,-179.3279802152377,0.14390625
