step,f1,logp
2000,0.4050973891421467,-460.5776140903372
2100,0.3989529937834006,-380.1577836722919
2200,0.4043281439770343,-353.3914493630511
2300,0.4040044493882091,-338.0401066684454
2400,0.3977170993733214,-323.5712241227991
2500,0.3977987421383648,-317.06304191134626
2600,0.3943630214205186,-309.4886025746018
2700,0.39593450028232635,-304.14291460555137
2800,0.3951731137927146,-302.0714799046929
2900,0.39793049150826676,-297.52988683332103
3000,0.39512305260781216,-295.53411597555305
3100,0.3932647756808679,-292.0004656564183
3200,0.3894426823742637,-289.38202895019515
3300,0.38810037470194164,-281.4053330985224
3400,0.38686880200615525,-277.8935910152465
3500,0.38675042832667045,-275.86162310532177
3600,0.3875915750915751,-267.1250038285011
3700,0.3868897547559019,-258.8538848351192
3800,0.38562241616903997,-258.8525250252586
3900,0.38386392368693256,-258.42987503878965
4000,0.38416523235800343,-255.61742548684637
4100,0.3838476540094069,-254.72286838489836
4200,0.3813354786806114,-254.7632549051034
4300,0.38197079452684835,-254.80184381518876
4400,0.38437679494543364,-254.28464519823876
4500,0.38327205882352944,-254.32332660790595
4600,0.38369690011481056,-252.93476785068475
4700,0.38426244551502636,-251.3248212520631
4800,0.3878344386005031,-249.222689896022
4900,0.39123987681076766,-249.145158887957
5000,0.3915717539863326,-248.77722448445115
5100,0.39380833143637606,-245.92010530730488
5200,0.39522455940875495,-244.08401740381802
5300,0.39554190833617653,-243.77306660804814
5400,0.3962735741876846,-243.2651063448152
5500,0.39732244157022917,-242.42186070227518
5600,0.4006337709370756,-241.64364987132933
5700,0.4008138351983723,-240.83454619014265
5800,0.4013551665725579,-240.30935628528147
5900,0.40018036298049825,-238.37602136285702
6000,0.40004507550146495,-237.05850117156282
6100,0.39869059713285926,-237.08307015032062
6200,0.39896197675730566,-237.09653230431712
6300,0.39760397830018085,-237.1199498885262
6400,0.3948857207513012,-235.48658165479327
6500,0.3934760448521916,-235.5089539464909
6600,0.3928854650504135,-235.52713553453046
6700,0.3930150810749518,-235.30911094536071
6800,0.3916496482868164,-235.0387664721552
6900,0.39036582594864805,-234.96396563809688
7000,0.38991138377641443,-234.918058338148
7100,0.38873111439282065,-234.88876392028305
7200,0.3874488403819918,-234.83780187055214
7300,0.3861566484517304,-234.48294756407452
7400,0.3863765804761362,-234.50137966735406
7500,0.3851328240793524,-234.51886575883202
7600,0.38388679675910076,-234.52017392144296
7700,0.3852122318575993,-233.27052939044896
7800,0.3846066004339386,-233.1601683024688
7900,0.3839561193006514,-231.62871620420577
8000,0.3839561193006514,-231.64546685087896
8100,0.38370895778515046,-231.6619416252639
8200,0.38445714285714283,-231.6722378376357
8300,0.38403476669716374,-231.27875473253238
8400,0.38541547605440624,-231.28624128867443
8500,0.3850903270066316,-231.30169688707318
8600,0.38675042832667045,-230.19218120252697
8700,0.3873915029693924,-228.89601717086884
8800,0.38711151736745886,-228.90257029555343
8900,0.38711151736745886,-228.90891111739597
9000,0.38850233831413256,-228.92325822514687
9100,0.38850233831413256,-228.93740273151252
9200,0.3888698825407686,-228.88472969861482
9300,0.3877225011410315,-228.89848507241987
9400,0.38835616438356163,-228.84927507691657
9500,0.38835616438356163,-228.86265864621663
9600,0.38908551204475395,-228.84977628840636
9700,0.38756144963987654,-228.8627599834948
9800,0.38729578430252487,-228.6338050226192
9900,0.386639212994738,-228.05840726918848
10000,0.38622583228463564,-228.07092059931637
10100,0.38544289311055163,-228.08330889038058
10200,0.3859809872866796,-227.16886287198622
10300,0.38644688644688646,-227.18050744512271
10400,0.3860773986718571,-226.8033783457513
10500,0.3851002865329513,-223.4279537555398
10600,0.3845448291676221,-222.29974936011837
10700,0.3845889232886137,-222.31128351284502
10800,0.3853211009174312,-222.2084225867233
10900,0.3850475862859764,-222.21969468814683
11000,0.3851885819098934,-221.8773702274034
11100,0.3852327447833066,-221.8883956974099
11200,0.38602520045819017,-221.89930093085226
11300,0.38666819379223455,-221.8386777514085
11400,0.38648339060710196,-221.65043651994011
11500,0.38717801946193475,-221.65925455276528
11600,0.38796751687063935,-220.9769115441232
11700,0.388520466498971,-220.52127706818044
11800,0.389853747714808,-219.25234584164116
11900,0.3914631362702579,-218.38877581121312
12000,0.3921971252566735,-218.03700868393722
12100,0.3918795620437956,-217.6262467634453
12200,0.39306885544915643,-217.63607948336556
12300,0.39352854050358893,-216.3133113896195
12400,0.39485369463736764,-215.3005416551832
12500,0.39320332991219065,-215.3100588957903
12600,0.39375640879571605,-215.2729478546454
12700,0.3942121453799704,-215.28231999334935
12800,0.39375284997720017,-213.95089000116434
12900,0.393296853625171,-213.93017339853805
13000,0.3927430397078959,-213.93928912918983
13100,0.3929304446978335,-213.28009454453542
13200,0.39371155160628846,-213.2083942581638
13300,0.39416391200273565,-212.5108164360409
13400,0.39453302961275627,-212.34547322572584
13500,0.3950814072640328,-212.28608627605442
13600,0.39526681078621,-212.26306501011797
13700,0.3955868971792539,-211.3078664165123
13800,0.39545196134167143,-211.31636264413618
13900,0.3961792130998408,-209.70682350788783
14000,0.3965909090909091,-209.7151591638974
14100,0.39759309718437785,-209.33551088761365
14200,0.3976382423072556,-208.78454015518253
14300,0.3981386902735217,-208.78474345998296
14400,0.39832047208352245,-208.79282757289172
14500,0.39736603088101724,-208.32178945235464
14600,0.3970037453183521,-208.2529589037565
14700,0.39745772330041995,-208.06394524674934
14800,0.3985022126404176,-208.07177614032483
14900,0.39836660617059894,-208.07954547385646
15000,0.3991834883193468,-208.0589670444616
15100,0.3984587488667271,-207.86920084047966
15200,0.39900305879687326,-207.87679358669203
15300,0.39859506004985273,-207.8843260355089
15400,0.3980956699161188,-207.89178943866781
15500,0.3981859410430839,-207.89921109243755
15600,0.3985490818408524,-207.0564879992918
15700,0.3986402266288952,-207.06380168562987
15800,0.39963792713283547,-206.82651155723585
15900,0.39891328956305183,-206.70547853691602
