step,f1,logp,acc
2000,0.8230432668935342,-62.35890237934542,0.23328915733968777
2100,0.8367916514986046,-51.6894040491927,0.22849513009190558
2200,0.8442990427723253,-48.892723688654115,0.22953918740153312
2300,0.8497333979641299,-47.586445583614434,0.236990974098444
2400,0.85178916827853,-46.66807093133967,0.2436350801587105
2500,0.8547938580582759,-45.79310398857045,0.23192248478531838
2600,0.8553779069767442,-45.26122674157894,0.23631884559988975
2700,0.8580411124546554,-44.44132315452313,0.23084714248776436
2800,0.856280193236715,-43.88975107890012,0.23519871309399604
2900,0.8569702826769752,-43.09170230729943,0.23158890381455421
3000,0.8579724171304137,-42.35937921227306,0.2298128505051136
3100,0.8571428571428571,-42.10920810141033,0.22159708604216577
3200,0.8569007263922518,-41.89400116699325,0.2283143477141857
3300,0.857419745608722,-41.740558015239046,0.22486561313271522
3400,0.8581465778316172,-41.707870601694296,0.2374598690867424
3500,0.8590457737951078,-41.40546897050237,0.2352186505496502
3600,0.8576964999394453,-41.38222513865285,0.23496918961405755
3700,0.8579036552892763,-41.203839550974095,0.24326780468225478
3800,0.8594241471086378,-40.997196265891404,0.22448093235492705
3900,0.8606368809783267,-40.99735983359029,0.2337985233962536
4000,0.861222020568663,-40.997114893268964,0.23128121927380563
4100,0.8610169491525423,-40.83278673505511,0.22687499210238457
4200,0.8616686819830713,-40.791892346542,0.23469276547431947
4300,0.860771743074876,-40.82754911933636,0.23750995755195617
4400,0.8608422071636012,-40.729271112474144,0.22433956012129783
4500,0.8606368809783267,-40.689129081491245,0.23876595094799996
4600,0.862027158098933,-40.60183265160792,0.2382669362425804
4700,0.8625166848683412,-40.597362643926616,0.23536051228642463
4800,0.8629688068940405,-40.536377023566004,0.22986264377832413
4900,0.8634928345882924,-40.30096181235549,0.23740940257906915
5000,0.8643862202814168,-40.287385060230534,0.2357362475991249
5100,0.8633495145631068,-40.294873575025825,0.23597125232219696
5200,0.8628307841709153,-40.300351204711106,0.2314087501168251
5300,0.8630786052727494,-40.319445077358225,0.23279559522867202
5400,0.8624878522837707,-40.27218114370616,0.23155336052179337
5500,0.8621066699064512,-40.09476869209112,0.22506377212703227
5600,0.8618636860648767,-40.053529570205896,0.23077037021517754
5700,0.8618972428033523,-40.07460922433398,0.22455258756875993
5800,0.8613067767792082,-39.89052207882641,0.2372563338279724
5900,0.8624165148755313,-39.884779451202235,0.23826214358210562
6000,0.8632883703973752,-39.84596446795905,0.22938018143177033
6100,0.8635314132944465,-39.67338071156367,0.23502981320023536
6200,0.8631886172929588,-39.5888339925644,0.231700182557106
6300,0.8636695018226003,-39.57064520985167,0.2240095853805542
6400,0.86318347509113,-39.54924141115076,0.2216200712323189
6500,0.8640174990885892,-39.55325080595226,0.2268300911784172
6600,0.8640174990885892,-39.51887345337161,0.23062580615282058
6700,0.8642275434544792,-39.53529448515761,0.22862839832901954
6800,0.8647466277798032,-39.452124933169245,0.2405913218855858
6900,0.8649173955296404,-39.457590299124355,0.23616831839084626
7000,0.8648845686512758,-39.38984085953966,0.23140968322753908
7100,0.8650224760053457,-39.29242170075269,0.2389488510787487
7200,0.8653962859570337,-39.27312686683334,0.23411211714148522
7300,0.8645959718514924,-39.290333305244005,0.23585431441664695
7400,0.8645239539114615,-39.295763244011944,0.23968831196427345
7500,0.864760058167717,-39.27141303824284,0.2355080196261406
7600,0.8650024236548716,-39.22749495989436,0.23756398037075996
7700,0.8645239539114615,-39.21853461817656,0.23321584194898606
7800,0.865009096422074,-39.218448892178486,0.24013686887919902
7900,0.8652121212121212,-39.23297437337519,0.23243263252079488
8000,0.8654545454545455,-39.24514085099437,0.23261552676558495
8100,0.8650745544914535,-39.09497514958909,0.2291871973872185
8200,0.8655594617529397,-38.977058501410866,0.23353625178337098
8300,0.8654219204655674,-38.91155477533201,0.23895746782422067
8400,0.86597188560349,-38.89353771909397,0.22342846944928169
8500,0.86597188560349,-38.90457494821944,0.2226238863915205
8600,0.8669413475521086,-38.91232181865462,0.23455767944455147
8700,0.8668040237546965,-38.877010643496874,0.22761703237891198
8800,0.8666666666666667,-38.85646724160982,0.2307100237905979
8900,0.867280213126665,-38.86779246234857,0.23732103914022445
9000,0.8665616288934674,-38.85464601414823,0.23602785408496857
9100,0.8668363019508057,-38.846272099348454,0.23754344135522842
9200,0.8669413475521086,-38.85229006216886,0.2343655402958393
9300,0.8666019888430754,-38.860968365473795,0.23468592569231986
9400,0.8664889750424036,-38.836754294502384,0.23569705486297607
9500,0.8672158953234795,-38.79962514341588,0.2342172721028328
9600,0.8677966101694915,-38.72678068474732,0.23580056622624398
9700,0.8686917584412441,-38.733403574163304,0.2354155306518078
9800,0.8678286129266521,-38.728509232479,0.2280888906121254
9900,0.8680706850641491,-38.7330409938715,0.23529184192419053
10000,0.8683127572016461,-38.70974440353139,0.22989321112632752
10100,0.8677235870749123,-38.719908584426136,0.22742221400141716
10200,0.8676185866408519,-38.7046640217104,0.22489445239305497
10300,0.8673765730880929,-38.466897950089276,0.22904266387224198
10400,0.8676915627647984,-38.4668456701485,0.2393943439424038
10500,0.8675865407891552,-38.398330559264636,0.2321239058673382
10600,0.8684911600871882,-38.39345362143463,0.22639332592487335
10700,0.868596342497275,-38.32605762715855,0.22631640017032623
10800,0.8680799515445184,-38.32419129099011,0.23341013267636299
10900,0.8679428156045553,-38.332021109928505,0.23705000013113023
11000,0.8674260785264178,-38.34253237259951,0.2301197297871113
11100,0.8670464186159254,-38.30468924381499,0.23598565325140952
11200,0.8676274676032457,-38.31243516187462,0.2426995050907135
11300,0.8679016830124713,-38.31376907407298,0.24162129819393158
11400,0.868143843080276,-38.31476289900394,0.22864452719688416
11500,0.868143843080276,-38.321143002944886,0.23628224417567253
11600,0.868185122364914,-38.321062192761644,0.22125696659088134
11700,0.8679748062015504,-38.32165128130817,0.23265605866909028
11800,0.8675633103114019,-38.330291623225214,0.23475784078240394
11900,0.8679748062015504,-38.33984763108985,0.2395940326154232
12000,0.8680706850641491,-38.3292197169225,0.23703659906983376
12100,0.8679245283018868,-38.33754109620157,0.23737501174211503
12200,0.8676826318335752,-38.341697934523935,0.22201526895165444
12300,0.8675456634813112,-38.346620072296304,0.23008470624685287
12400,0.86730373775251,-38.35433036904847,0.2331744185090065
12500,0.8674173628768616,-38.36334384484046,0.23948905885219574
12600,0.8671430301562311,-38.37156031048322,0.22712634421885014
12700,0.8674173628768616,-38.36329001321313,0.2289017780125141
12800,0.8680387409200968,-38.37224065846999,0.23577722087502478
12900,0.8680067813029789,-38.37737356331333,0.23212547600269318
13000,0.8682489706950836,-38.37348374343436,0.23225388526916504
13100,0.8677235870749123,-38.37807808122162,0.23453343257308007
13200,0.8667876588021779,-38.38612779821117,0.23847899883985518
13300,0.8663438256658595,-38.39489514015332,0.22738529488444328
13400,0.8668603243766643,-38.40314764850352,0.2350124916434288
13500,0.8669652584432878,-38.41119629257456,0.22691954374313356
13600,0.8675224025187697,-38.41789253311296,0.23332315802574158
13700,0.8673123486682809,-38.398643058253626,0.22757052540779113
13800,0.8674494613242949,-38.371941045160504,0.2320377916097641
13900,0.8673765730880929,-38.30311098740916,0.24439369402825833
14000,0.8673679119816226,-38.31095180660464,0.23403467878699302
14100,0.866892545982575,-38.318563429767124,0.23082755416631698
14200,0.866682796999758,-38.32654321429778,0.22968596383929252
14300,0.867134559535334,-38.334579752004004,0.23599398508667946
14400,0.8673444686516582,-38.341835993153055,0.23441293224692344
14500,0.867933664205302,-38.3464315133538,0.2388286143541336
14600,0.8676915627647984,-38.27169238268392,0.22865486428141593
14700,0.8680387409200968,-38.2554286228376,0.2288406851887703
14800,0.8682808716707022,-38.25940050491147,0.2218458341062069
14900,0.8681119050502604,-38.263173832867196,0.2405053709447384
15000,0.8682170542635659,-38.27040077505835,0.23503524467349052
15100,0.8677325581395349,-38.234729359696544,0.2400684480369091
15200,0.8677325581395349,-38.23543870204921,0.24435331493616105
15300,0.8673852488797384,-38.235313940058596,0.23379673987627028
15400,0.8673123486682809,-38.23582236194167,0.2417336708307266
15500,0.8673531193216233,-38.20750126515679,0.23379695639014245
15600,0.8668685645063597,-38.08918117274126,0.23272813364863396
15700,0.8670058139534884,-38.085682372318175,0.23307812839746475
15800,0.8674494613242949,-38.08688084680829,0.2346426948904991
15900,0.8675865407891552,-38.08899294042567,0.23744780242443084
